3000000
2999999
2999998
2999997
2999996
2999995
2999994
2999993
2999992
2999991
2999990
2999989
2999988
2999987
2999986
2999985
2999984
2999983
2999982
2999981
2999980
2999979
2999978
2999977
2999976
2999975
2999974
2999973
2999972
2999971
2999970
2999969
2999968
2999967
2999966
2999965
2999964
2999963
2999962
2999961
2999960
2999959
2999958
2999957
2999956
2999955
2999954
2999953
2999952
2999951
2999950
2999949
2999948
2999947
2999946
2999945
2999944
2999943
2999942
2999941
2999940
2999939
2999938
2999937
2999936
2999935
2999934
2999933
2999932
2999931
2999930
2999929
2999928
2999927
2999926
2999925
2999924
2999923
2999922
2999921
2999920
2999919
2999918
2999917
2999916
2999915
2999914
2999913
2999912
2999911
2999910
2999909
2999908
2999907
2999906
2999905
2999904
2999903
2999902
2999901
2999900
2999899
2999898
2999897
2999896
2999895
2999894
2999893
2999892
2999891
2999890
2999889
2999888
2999887
2999886
2999885
2999884
2999883
2999882
2999881
2999880
2999879
2999878
2999877
2999876
2999875
2999874
2999873
2999872
2999871
2999870
2999869
2999868
2999867
2999866
2999865
2999864
2999863
2999862
2999861
2999860
2999859
2999858
2999857
2999856
2999855
2999854
2999853
2999852
2999851
2999850
2999849
2999848
2999847
2999846
2999845
2999844
2999843
2999842
2999841
2999840
2999839
2999838
2999837
2999836
2999835
2999834
2999833
2999832
2999831
2999830
2999829
2999828
2999827
2999826
2999825
2999824
2999823
2999822
2999821
2999820
2999819
2999818
2999817
2999816
2999815
2999814
2999813
2999812
2999811
2999810
2999809
2999808
2999807
2999806
2999805
2999804
2999803
2999802
2999801
2999800
2999799
2999798
2999797
2999796
2999795
2999794
2999793
2999792
2999791
2999790
2999789
2999788
2999787
2999786
2999785
2999784
2999783
2999782
2999781
2999780
2999779
2999778
2999777
2999776
2999775
2999774
2999773
2999772
2999771
2999770
2999769
2999768
2999767
2999766
2999765
2999764
2999763
2999762
2999761
2999760
2999759
2999758
2999757
2999756
2999755
2999754
2999753
2999752
2999751
2999750
2999749
2999748
2999747
2999746
2999745
2999744
2999743
2999742
2999741
2999740
2999739
2999738
2999737
2999736
2999735
2999734
2999733
2999732
2999731
2999730
2999729
2999728
2999727
2999726
2999725
2999724
2999723
2999722
2999721
2999720
2999719
2999718
2999717
2999716
2999715
2999714
2999713
2999712
2999711
2999710
2999709
2999708
2999707
2999706
2999705
2999704
2999703
2999702
2999701
2999700
2999699
2999698
2999697
2999696
2999695
2999694
2999693
2999692
2999691
2999690
2999689
2999688
2999687
2999686
2999685
2999684
2999683
2999682
2999681
2999680
2999679
2999678
2999677
2999676
2999675
2999674
2999673
2999672
2999671
2999670
2999669
2999668
2999667
2999666
2999665
2999664
2999663
2999662
2999661
2999660
2999659
2999658
2999657
2999656
2999655
2999654
2999653
2999652
2999651
2999650
2999649
2999648
2999647
2999646
2999645
2999644
2999643
2999642
2999641
2999640
2999639
2999638
2999637
2999636
2999635
2999634
2999633
2999632
2999631
2999630
2999629
2999628
2999627
2999626
2999625
2999624
2999623
2999622
2999621
2999620
2999619
2999618
2999617
2999616
2999615
2999614
2999613
2999612
2999611
2999610
2999609
2999608
2999607
2999606
2999605
2999604
2999603
2999602
2999601
2999600
2999599
2999598
2999597
2999596
2999595
2999594
2999593
2999592
2999591
2999590
2999589
2999588
2999587
2999586
2999585
2999584
2999583
2999582
2999581
2999580
2999579
2999578
2999577
2999576
2999575
2999574
2999573
2999572
2999571
2999570
2999569
2999568
2999567
2999566
2999565
2999564
2999563
2999562
2999561
2999560
2999559
2999558
2999557
2999556
2999555
2999554
2999553
2999552
2999551
2999550
2999549
2999548
2999547
2999546
2999545
2999544
2999543
2999542
2999541
2999540
2999539
2999538
2999537
2999536
2999535
2999534
2999533
2999532
2999531
2999530
2999529
2999528
2999527
2999526
2999525
2999524
2999523
2999522
2999521
2999520
2999519
2999518
2999517
2999516
2999515
2999514
2999513
2999512
2999511
2999510
2999509
2999508
2999507
2999506
2999505
2999504
2999503
2999502
2999501
2999500
2999499
2999498
2999497
2999496
2999495
2999494
2999493
2999492
2999491
2999490
2999489
2999488
2999487
2999486
2999485
2999484
2999483
2999482
2999481
2999480
2999479
2999478
2999477
2999476
2999475
2999474
2999473
2999472
2999471
2999470
2999469
2999468
2999467
2999466
2999465
2999464
2999463
2999462
2999461
2999460
2999459
2999458
2999457
2999456
2999455
2999454
2999453
2999452
2999451
2999450
2999449
2999448
2999447
2999446
2999445
2999444
2999443
2999442
2999441
2999440
2999439
2999438
2999437
2999436
2999435
2999434
2999433
2999432
2999431
2999430
2999429
2999428
2999427
2999426
2999425
2999424
2999423
2999422
2999421
2999420
2999419
2999418
2999417
2999416
2999415
2999414
2999413
2999412
2999411
2999410
2999409
2999408
2999407
2999406
2999405
2999404
2999403
2999402
2999401
2999400
2999399
2999398
2999397
2999396
2999395
2999394
2999393
2999392
2999391
2999390
2999389
2999388
2999387
2999386
2999385
2999384
2999383
2999382
2999381
2999380
2999379
2999378
2999377
2999376
2999375
2999374
2999373
2999372
2999371
2999370
2999369
2999368
2999367
2999366
2999365
2999364
2999363
2999362
2999361
2999360
2999359
2999358
2999357
2999356
2999355
2999354
2999353
2999352
2999351
2999350
2999349
2999348
2999347
2999346
2999345
2999344
2999343
2999342
2999341
2999340
2999339
2999338
2999337
2999336
2999335
2999334
2999333
2999332
2999331
2999330
2999329
2999328
2999327
2999326
2999325
2999324
2999323
2999322
2999321
2999320
2999319
2999318
2999317
2999316
2999315
2999314
2999313
2999312
2999311
2999310
2999309
2999308
2999307
2999306
2999305
2999304
2999303
2999302
2999301
2999300
2999299
2999298
2999297
2999296
2999295
2999294
2999293
2999292
2999291
2999290
2999289
2999288
2999287
2999286
2999285
2999284
2999283
2999282
2999281
2999280
2999279
2999278
2999277
2999276
2999275
2999274
2999273
2999272
2999271
2999270
2999269
2999268
2999267
2999266
2999265
2999264
2999263
2999262
2999261
2999260
2999259
2999258
2999257
2999256
2999255
2999254
2999253
2999252
2999251
2999250
2999249
2999248
2999247
2999246
2999245
2999244
2999243
2999242
2999241
2999240
2999239
2999238
2999237
2999236
2999235
2999234
2999233
2999232
2999231
2999230
2999229
2999228
2999227
2999226
2999225
2999224
2999223
2999222
2999221
2999220
2999219
2999218
2999217
2999216
2999215
2999214
2999213
2999212
2999211
2999210
2999209
2999208
2999207
2999206
2999205
2999204
2999203
2999202
2999201
2999200
2999199
2999198
2999197
2999196
2999195
2999194
2999193
2999192
2999191
2999190
2999189
2999188
2999187
2999186
2999185
2999184
2999183
2999182
2999181
2999180
2999179
2999178
2999177
2999176
2999175
2999174
2999173
2999172
2999171
2999170
2999169
2999168
2999167
2999166
2999165
2999164
2999163
2999162
2999161
2999160
2999159
2999158
2999157
2999156
2999155
2999154
2999153
2999152
2999151
2999150
2999149
2999148
2999147
2999146
2999145
2999144
2999143
2999142
2999141
2999140
2999139
2999138
2999137
2999136
2999135
2999134
2999133
2999132
2999131
2999130
2999129
2999128
2999127
2999126
2999125
2999124
2999123
2999122
2999121
2999120
2999119
2999118
2999117
2999116
2999115
2999114
2999113
2999112
2999111
2999110
2999109
2999108
2999107
2999106
2999105
2999104
2999103
2999102
2999101
2999100
2999099
2999098
2999097
2999096
2999095
2999094
2999093
2999092
2999091
2999090
2999089
2999088
2999087
2999086
2999085
2999084
2999083
2999082
2999081
2999080
2999079
2999078
2999077
2999076
2999075
2999074
2999073
2999072
2999071
2999070
2999069
2999068
2999067
2999066
2999065
2999064
2999063
2999062
2999061
2999060
2999059
2999058
2999057
2999056
2999055
2999054
2999053
2999052
2999051
2999050
2999049
2999048
2999047
2999046
2999045
2999044
2999043
2999042
2999041
2999040
2999039
2999038
2999037
2999036
2999035
2999034
2999033
2999032
2999031
2999030
2999029
2999028
2999027
2999026
2999025
2999024
2999023
2999022
2999021
2999020
2999019
2999018
2999017
2999016
2999015
2999014
2999013
2999012
2999011
2999010
2999009
2999008
2999007
2999006
2999005
2999004
2999003
2999002
2999001
2999000
2998999
2998998
2998997
2998996
2998995
2998994
2998993
2998992
2998991
2998990
2998989
2998988
2998987
2998986
2998985
2998984
2998983
2998982
2998981
2998980
2998979
2998978
2998977
2998976
2998975
2998974
2998973
2998972
2998971
2998970
2998969
2998968
2998967
2998966
2998965
2998964
2998963
2998962
2998961
2998960
2998959
2998958
2998957
2998956
2998955
2998954
2998953
2998952
2998951
2998950
2998949
2998948
2998947
2998946
2998945
2998944
2998943
2998942
2998941
2998940
2998939
2998938
2998937
2998936
2998935
2998934
2998933
2998932
2998931
2998930
2998929
2998928
2998927
2998926
2998925
2998924
2998923
2998922
2998921
2998920
2998919
2998918
2998917
2998916
2998915
2998914
2998913
2998912
2998911
2998910
2998909
2998908
2998907
2998906
2998905
2998904
2998903
2998902
2998901
2998900
2998899
2998898
2998897
2998896
2998895
2998894
2998893
2998892
2998891
2998890
2998889
2998888
2998887
2998886
2998885
2998884
2998883
2998882
2998881
2998880
2998879
2998878
2998877
2998876
2998875
2998874
2998873
2998872
2998871
2998870
2998869
2998868
2998867
2998866
2998865
2998864
2998863
2998862
2998861
2998860
2998859
2998858
2998857
2998856
2998855
2998854
2998853
2998852
2998851
2998850
2998849
2998848
2998847
2998846
2998845
2998844
2998843
2998842
2998841
2998840
2998839
2998838
2998837
2998836
2998835
2998834
2998833
2998832
2998831
2998830
2998829
2998828
2998827
2998826
2998825
2998824
2998823
2998822
2998821
2998820
2998819
2998818
2998817
2998816
2998815
2998814
2998813
2998812
2998811
2998810
2998809
2998808
2998807
2998806
2998805
2998804
2998803
2998802
2998801
2998800
2998799
2998798
2998797
2998796
2998795
2998794
2998793
2998792
2998791
2998790
2998789
2998788
2998787
2998786
2998785
2998784
2998783
2998782
2998781
2998780
2998779
2998778
2998777
2998776
2998775
2998774
2998773
2998772
2998771
2998770
2998769
2998768
2998767
2998766
2998765
2998764
2998763
2998762
2998761
2998760
2998759
2998758
2998757
2998756
2998755
2998754
2998753
2998752
2998751
2998750
2998749
2998748
2998747
2998746
2998745
2998744
2998743
2998742
2998741
2998740
2998739
2998738
2998737
2998736
2998735
2998734
2998733
2998732
2998731
2998730
2998729
2998728
2998727
2998726
2998725
2998724
2998723
2998722
2998721
2998720
2998719
2998718
2998717
2998716
2998715
2998714
2998713
2998712
2998711
2998710
2998709
2998708
2998707
2998706
2998705
2998704
2998703
2998702
2998701
2998700
2998699
2998698
2998697
2998696
2998695
2998694
2998693
2998692
2998691
2998690
2998689
2998688
2998687
2998686
2998685
2998684
2998683
2998682
2998681
2998680
2998679
2998678
2998677
2998676
2998675
2998674
2998673
2998672
2998671
2998670
2998669
2998668
2998667
2998666
2998665
2998664
2998663
2998662
2998661
2998660
2998659
2998658
2998657
2998656
2998655
2998654
2998653
2998652
2998651
2998650
2998649
2998648
2998647
2998646
2998645
2998644
2998643
2998642
2998641
2998640
2998639
2998638
2998637
2998636
2998635
2998634
2998633
2998632
2998631
2998630
2998629
2998628
2998627
2998626
2998625
2998624
2998623
2998622
2998621
2998620
2998619
2998618
2998617
2998616
2998615
2998614
2998613
2998612
2998611
2998610
2998609
2998608
2998607
2998606
2998605
2998604
2998603
2998602
2998601
2998600
2998599
2998598
2998597
2998596
2998595
2998594
2998593
2998592
2998591
2998590
2998589
2998588
2998587
2998586
2998585
2998584
2998583
2998582
2998581
2998580
2998579
2998578
2998577
2998576
2998575
2998574
2998573
2998572
2998571
2998570
2998569
2998568
2998567
2998566
2998565
2998564
2998563
2998562
2998561
2998560
2998559
2998558
2998557
2998556
2998555
2998554
2998553
2998552
2998551
2998550
2998549
2998548
2998547
2998546
2998545
2998544
2998543
2998542
2998541
2998540
2998539
2998538
2998537
2998536
2998535
2998534
2998533
2998532
2998531
2998530
2998529
2998528
2998527
2998526
2998525
2998524
2998523
2998522
2998521
2998520
2998519
2998518
2998517
2998516
2998515
2998514
2998513
2998512
2998511
2998510
2998509
2998508
2998507
2998506
2998505
2998504
2998503
2998502
2998501
2998500
2998499
2998498
2998497
2998496
2998495
2998494
2998493
2998492
2998491
2998490
2998489
2998488
2998487
2998486
2998485
2998484
2998483
2998482
2998481
2998480
2998479
2998478
2998477
2998476
2998475
2998474
2998473
2998472
2998471
2998470
2998469
2998468
2998467
2998466
2998465
2998464
2998463
2998462
2998461
2998460
2998459
2998458
2998457
2998456
2998455
2998454
2998453
2998452
2998451
2998450
2998449
2998448
2998447
2998446
2998445
2998444
2998443
2998442
2998441
2998440
2998439
2998438
2998437
2998436
2998435
2998434
2998433
2998432
2998431
2998430
2998429
2998428
2998427
2998426
2998425
2998424
2998423
2998422
2998421
2998420
2998419
2998418
2998417
2998416
2998415
2998414
2998413
2998412
2998411
2998410
2998409
2998408
2998407
2998406
2998405
2998404
2998403
2998402
2998401
2998400
2998399
2998398
2998397
2998396
2998395
2998394
2998393
2998392
2998391
2998390
2998389
2998388
2998387
2998386
2998385
2998384
2998383
2998382
2998381
2998380
2998379
2998378
2998377
2998376
2998375
2998374
2998373
2998372
2998371
2998370
2998369
2998368
2998367
2998366
2998365
2998364
2998363
2998362
2998361
2998360
2998359
2998358
2998357
2998356
2998355
2998354
2998353
2998352
2998351
2998350
2998349
2998348
2998347
2998346
2998345
2998344
2998343
2998342
2998341
2998340
2998339
2998338
2998337
2998336
2998335
2998334
2998333
2998332
2998331
2998330
2998329
2998328
2998327
2998326
2998325
2998324
2998323
2998322
2998321
2998320
2998319
2998318
2998317
2998316
2998315
2998314
2998313
2998312
2998311
2998310
2998309
2998308
2998307
2998306
2998305
2998304
2998303
2998302
2998301
2998300
2998299
2998298
2998297
2998296
2998295
2998294
2998293
2998292
2998291
2998290
2998289
2998288
2998287
2998286
2998285
2998284
2998283
2998282
2998281
2998280
2998279
2998278
2998277
2998276
2998275
2998274
2998273
2998272
2998271
2998270
2998269
2998268
2998267
2998266
2998265
2998264
2998263
2998262
2998261
2998260
2998259
2998258
2998257
2998256
2998255
2998254
2998253
2998252
2998251
2998250
2998249
2998248
2998247
2998246
2998245
2998244
2998243
2998242
2998241
2998240
2998239
2998238
2998237
2998236
2998235
2998234
2998233
2998232
2998231
2998230
2998229
2998228
2998227
2998226
2998225
2998224
2998223
2998222
2998221
2998220
2998219
2998218
2998217
2998216
2998215
2998214
2998213
2998212
2998211
2998210
2998209
2998208
2998207
2998206
2998205
2998204
2998203
2998202
2998201
2998200
2998199
2998198
2998197
2998196
2998195
2998194
2998193
2998192
2998191
2998190
2998189
2998188
2998187
2998186
2998185
2998184
2998183
2998182
2998181
2998180
2998179
2998178
2998177
2998176
2998175
2998174
2998173
2998172
2998171
2998170
2998169
2998168
2998167
2998166
2998165
2998164
2998163
2998162
2998161
2998160
2998159
2998158
2998157
2998156
2998155
2998154
2998153
2998152
2998151
2998150
2998149
2998148
2998147
2998146
2998145
2998144
2998143
2998142
2998141
2998140
2998139
2998138
2998137
2998136
2998135
2998134
2998133
2998132
2998131
2998130
2998129
2998128
2998127
2998126
2998125
2998124
2998123
2998122
2998121
2998120
2998119
2998118
2998117
2998116
2998115
2998114
2998113
2998112
2998111
2998110
2998109
2998108
2998107
2998106
2998105
2998104
2998103
2998102
2998101
2998100
2998099
2998098
2998097
2998096
2998095
2998094
2998093
2998092
2998091
2998090
2998089
2998088
2998087
2998086
2998085
2998084
2998083
2998082
2998081
2998080
2998079
2998078
2998077
2998076
2998075
2998074
2998073
2998072
2998071
2998070
2998069
2998068
2998067
2998066
2998065
2998064
2998063
2998062
2998061
2998060
2998059
2998058
2998057
2998056
2998055
2998054
2998053
2998052
2998051
2998050
2998049
2998048
2998047
2998046
2998045
2998044
2998043
2998042
2998041
2998040
2998039
2998038
2998037
2998036
2998035
2998034
2998033
2998032
2998031
2998030
2998029
2998028
2998027
2998026
2998025
2998024
2998023
2998022
2998021
2998020
2998019
2998018
2998017
2998016
2998015
2998014
2998013
2998012
2998011
2998010
2998009
2998008
2998007
2998006
2998005
2998004
2998003
2998002
2998001
2998000
2997999
2997998
2997997
2997996
2997995
2997994
2997993
2997992
2997991
2997990
2997989
2997988
2997987
2997986
2997985
2997984
2997983
2997982
2997981
2997980
2997979
2997978
2997977
2997976
2997975
2997974
2997973
2997972
2997971
2997970
2997969
2997968
2997967
2997966
2997965
2997964
2997963
2997962
2997961
2997960
2997959
2997958
2997957
2997956
2997955
2997954
2997953
2997952
2997951
2997950
2997949
2997948
2997947
2997946
2997945
2997944
2997943
2997942
2997941
2997940
2997939
2997938
2997937
2997936
2997935
2997934
2997933
2997932
2997931
2997930
2997929
2997928
2997927
2997926
2997925
2997924
2997923
2997922
2997921
2997920
2997919
2997918
2997917
2997916
2997915
2997914
2997913
2997912
2997911
2997910
2997909
2997908
2997907
2997906
2997905
2997904
2997903
2997902
2997901
2997900
2997899
2997898
2997897
2997896
2997895
2997894
2997893
2997892
2997891
2997890
2997889
2997888
2997887
2997886
2997885
2997884
2997883
2997882
2997881
2997880
2997879
2997878
2997877
2997876
2997875
2997874
2997873
2997872
2997871
2997870
2997869
2997868
2997867
2997866
2997865
2997864
2997863
2997862
2997861
2997860
2997859
2997858
2997857
2997856
2997855
2997854
2997853
2997852
2997851
2997850
2997849
2997848
2997847
2997846
2997845
2997844
2997843
2997842
2997841
2997840
2997839
2997838
2997837
2997836
2997835
2997834
2997833
2997832
2997831
2997830
2997829
2997828
2997827
2997826
2997825
2997824
2997823
2997822
2997821
2997820
2997819
2997818
2997817
2997816
2997815
2997814
2997813
2997812
2997811
2997810
2997809
2997808
2997807
2997806
2997805
2997804
2997803
2997802
2997801
2997800
2997799
2997798
2997797
2997796
2997795
2997794
2997793
2997792
2997791
2997790
2997789
2997788
2997787
2997786
2997785
2997784
2997783
2997782
2997781
2997780
2997779
2997778
2997777
2997776
2997775
2997774
2997773
2997772
2997771
2997770
2997769
2997768
2997767
2997766
2997765
2997764
2997763
2997762
2997761
2997760
2997759
2997758
2997757
2997756
2997755
2997754
2997753
2997752
2997751
2997750
2997749
2997748
2997747
2997746
2997745
2997744
2997743
2997742
2997741
2997740
2997739
2997738
2997737
2997736
2997735
2997734
2997733
2997732
2997731
2997730
2997729
2997728
2997727
2997726
2997725
2997724
2997723
2997722
2997721
2997720
2997719
2997718
2997717
2997716
2997715
2997714
2997713
2997712
2997711
2997710
2997709
2997708
2997707
2997706
2997705
2997704
2997703
2997702
2997701
2997700
2997699
2997698
2997697
2997696
2997695
2997694
2997693
2997692
2997691
2997690
2997689
2997688
2997687
2997686
2997685
2997684
2997683
2997682
2997681
2997680
2997679
2997678
2997677
2997676
2997675
2997674
2997673
2997672
2997671
2997670
2997669
2997668
2997667
2997666
2997665
2997664
2997663
2997662
2997661
2997660
2997659
2997658
2997657
2997656
2997655
2997654
2997653
2997652
2997651
2997650
2997649
2997648
2997647
2997646
2997645
2997644
2997643
2997642
2997641
2997640
2997639
2997638
2997637
2997636
2997635
2997634
2997633
2997632
2997631
2997630
2997629
2997628
2997627
2997626
2997625
2997624
2997623
2997622
2997621
2997620
2997619
2997618
2997617
2997616
2997615
2997614
2997613
2997612
2997611
2997610
2997609
2997608
2997607
2997606
2997605
2997604
2997603
2997602
2997601
2997600
2997599
2997598
2997597
2997596
2997595
2997594
2997593
2997592
2997591
2997590
2997589
2997588
2997587
2997586
2997585
2997584
2997583
2997582
2997581
2997580
2997579
2997578
2997577
2997576
2997575
2997574
2997573
2997572
2997571
2997570
2997569
2997568
2997567
2997566
2997565
2997564
2997563
2997562
2997561
2997560
2997559
2997558
2997557
2997556
2997555
2997554
2997553
2997552
2997551
2997550
2997549
2997548
2997547
2997546
2997545
2997544
2997543
2997542
2997541
2997540
2997539
2997538
2997537
2997536
2997535
2997534
2997533
2997532
2997531
2997530
2997529
2997528
2997527
2997526
2997525
2997524
2997523
2997522
2997521
2997520
2997519
2997518
2997517
2997516
2997515
2997514
2997513
2997512
2997511
2997510
2997509
2997508
2997507
2997506
2997505
2997504
2997503
2997502
2997501
2997500
2997499
2997498
2997497
2997496
2997495
2997494
2997493
2997492
2997491
2997490
2997489
2997488
2997487
2997486
2997485
2997484
2997483
2997482
2997481
2997480
2997479
2997478
2997477
2997476
2997475
2997474
2997473
2997472
2997471
2997470
2997469
2997468
2997467
2997466
2997465
2997464
2997463
2997462
2997461
2997460
2997459
2997458
2997457
2997456
2997455
2997454
2997453
2997452
2997451
2997450
2997449
2997448
2997447
2997446
2997445
2997444
2997443
2997442
2997441
2997440
2997439
2997438
2997437
2997436
2997435
2997434
2997433
2997432
2997431
2997430
2997429
2997428
2997427
2997426
2997425
2997424
2997423
2997422
2997421
2997420
2997419
2997418
2997417
2997416
2997415
2997414
2997413
2997412
2997411
2997410
2997409
2997408
2997407
2997406
2997405
2997404
2997403
2997402
2997401
2997400
2997399
2997398
2997397
2997396
2997395
2997394
2997393
2997392
2997391
2997390
2997389
2997388
2997387
2997386
2997385
2997384
2997383
2997382
2997381
2997380
2997379
2997378
2997377
2997376
2997375
2997374
2997373
2997372
2997371
2997370
2997369
2997368
2997367
2997366
2997365
2997364
2997363
2997362
2997361
2997360
2997359
2997358
2997357
2997356
2997355
2997354
2997353
2997352
2997351
2997350
2997349
2997348
2997347
2997346
2997345
2997344
2997343
2997342
2997341
2997340
2997339
2997338
2997337
2997336
2997335
2997334
2997333
2997332
2997331
2997330
2997329
2997328
2997327
2997326
2997325
2997324
2997323
2997322
2997321
2997320
2997319
2997318
2997317
2997316
2997315
2997314
2997313
2997312
2997311
2997310
2997309
2997308
2997307
2997306
2997305
2997304
2997303
2997302
2997301
2997300
2997299
2997298
2997297
2997296
2997295
2997294
2997293
2997292
2997291
2997290
2997289
2997288
2997287
2997286
2997285
2997284
2997283
2997282
2997281
2997280
2997279
2997278
2997277
2997276
2997275
2997274
2997273
2997272
2997271
2997270
2997269
2997268
2997267
2997266
2997265
2997264
2997263
2997262
2997261
2997260
2997259
2997258
2997257
2997256
2997255
2997254
2997253
2997252
2997251
2997250
2997249
2997248
2997247
2997246
2997245
2997244
2997243
2997242
2997241
2997240
2997239
2997238
2997237
2997236
2997235
2997234
2997233
2997232
2997231
2997230
2997229
2997228
2997227
2997226
2997225
2997224
2997223
2997222
2997221
2997220
2997219
2997218
2997217
2997216
2997215
2997214
2997213
2997212
2997211
2997210
2997209
2997208
2997207
2997206
2997205
2997204
2997203
2997202
2997201
2997200
2997199
2997198
2997197
2997196
2997195
2997194
2997193
2997192
2997191
2997190
2997189
2997188
2997187
2997186
2997185
2997184
2997183
2997182
2997181
2997180
2997179
2997178
2997177
2997176
2997175
2997174
2997173
2997172
2997171
2997170
2997169
2997168
2997167
2997166
2997165
2997164
2997163
2997162
2997161
2997160
2997159
2997158
2997157
2997156
2997155
2997154
2997153
2997152
2997151
2997150
2997149
2997148
2997147
2997146
2997145
2997144
2997143
2997142
2997141
2997140
2997139
2997138
2997137
2997136
2997135
2997134
2997133
2997132
2997131
2997130
2997129
2997128
2997127
2997126
2997125
2997124
2997123
2997122
2997121
2997120
2997119
2997118
2997117
2997116
2997115
2997114
2997113
2997112
2997111
2997110
2997109
2997108
2997107
2997106
2997105
2997104
2997103
2997102
2997101
2997100
2997099
2997098
2997097
2997096
2997095
2997094
2997093
2997092
2997091
2997090
2997089
2997088
2997087
2997086
2997085
2997084
2997083
2997082
2997081
2997080
2997079
2997078
2997077
2997076
2997075
2997074
2997073
2997072
2997071
2997070
2997069
2997068
2997067
2997066
2997065
2997064
2997063
2997062
2997061
2997060
2997059
2997058
2997057
2997056
2997055
2997054
2997053
2997052
2997051
2997050
2997049
2997048
2997047
2997046
2997045
2997044
2997043
2997042
2997041
2997040
2997039
2997038
2997037
2997036
2997035
2997034
2997033
2997032
2997031
2997030
2997029
2997028
2997027
2997026
2997025
2997024
2997023
2997022
2997021
2997020
2997019
2997018
2997017
2997016
2997015
2997014
2997013
2997012
2997011
2997010
2997009
2997008
2997007
2997006
2997005
2997004
2997003
2997002
2997001
2997000
2996999
2996998
2996997
2996996
2996995
2996994
2996993
2996992
2996991
2996990
2996989
2996988
2996987
2996986
2996985
2996984
2996983
2996982
2996981
2996980
2996979
2996978
2996977
2996976
2996975
2996974
2996973
2996972
2996971
2996970
2996969
2996968
2996967
2996966
2996965
2996964
2996963
2996962
2996961
2996960
2996959
2996958
2996957
2996956
2996955
2996954
2996953
2996952
2996951
2996950
2996949
2996948
2996947
2996946
2996945
2996944
2996943
2996942
2996941
2996940
2996939
2996938
2996937
2996936
2996935
2996934
2996933
2996932
2996931
2996930
2996929
2996928
2996927
2996926
2996925
2996924
2996923
2996922
2996921
2996920
2996919
2996918
2996917
2996916
2996915
2996914
2996913
2996912
2996911
2996910
2996909
2996908
2996907
2996906
2996905
2996904
2996903
2996902
2996901
2996900
2996899
2996898
2996897
2996896
2996895
2996894
2996893
2996892
2996891
2996890
2996889
2996888
2996887
2996886
2996885
2996884
2996883
2996882
2996881
2996880
2996879
2996878
2996877
2996876
2996875
2996874
2996873
2996872
2996871
2996870
2996869
2996868
2996867
2996866
2996865
2996864
2996863
2996862
2996861
2996860
2996859
2996858
2996857
2996856
2996855
2996854
2996853
2996852
2996851
2996850
2996849
2996848
2996847
2996846
2996845
2996844
2996843
2996842
2996841
2996840
2996839
2996838
2996837
2996836
2996835
2996834
2996833
2996832
2996831
2996830
2996829
2996828
2996827
2996826
2996825
2996824
2996823
2996822
2996821
2996820
2996819
2996818
2996817
2996816
2996815
2996814
2996813
2996812
2996811
2996810
2996809
2996808
2996807
2996806
2996805
2996804
2996803
2996802
2996801
2996800
2996799
2996798
2996797
2996796
2996795
2996794
2996793
2996792
2996791
2996790
2996789
2996788
2996787
2996786
2996785
2996784
2996783
2996782
2996781
2996780
2996779
2996778
2996777
2996776
2996775
2996774
2996773
2996772
2996771
2996770
2996769
2996768
2996767
2996766
2996765
2996764
2996763
2996762
2996761
2996760
2996759
2996758
2996757
2996756
2996755
2996754
2996753
2996752
2996751
2996750
2996749
2996748
2996747
2996746
2996745
2996744
2996743
2996742
2996741
2996740
2996739
2996738
2996737
2996736
2996735
2996734
2996733
2996732
2996731
2996730
2996729
2996728
2996727
2996726
2996725
2996724
2996723
2996722
2996721
2996720
2996719
2996718
2996717
2996716
2996715
2996714
2996713
2996712
2996711
2996710
2996709
2996708
2996707
2996706
2996705
2996704
2996703
2996702
2996701
2996700
2996699
2996698
2996697
2996696
2996695
2996694
2996693
2996692
2996691
2996690
2996689
2996688
2996687
2996686
2996685
2996684
2996683
2996682
2996681
2996680
2996679
2996678
2996677
2996676
2996675
2996674
2996673
2996672
2996671
2996670
2996669
2996668
2996667
2996666
2996665
2996664
2996663
2996662
2996661
2996660
2996659
2996658
2996657
2996656
2996655
2996654
2996653
2996652
2996651
2996650
2996649
2996648
2996647
2996646
2996645
2996644
2996643
2996642
2996641
2996640
2996639
2996638
2996637
2996636
2996635
2996634
2996633
2996632
2996631
2996630
2996629
2996628
2996627
2996626
2996625
2996624
2996623
2996622
2996621
2996620
2996619
2996618
2996617
2996616
2996615
2996614
2996613
2996612
2996611
2996610
2996609
2996608
2996607
2996606
2996605
2996604
2996603
2996602
2996601
2996600
2996599
2996598
2996597
2996596
2996595
2996594
2996593
2996592
2996591
2996590
2996589
2996588
2996587
2996586
2996585
2996584
2996583
2996582
2996581
2996580
2996579
2996578
2996577
2996576
2996575
2996574
2996573
2996572
2996571
2996570
2996569
2996568
2996567
2996566
2996565
2996564
2996563
2996562
2996561
2996560
2996559
2996558
2996557
2996556
2996555
2996554
2996553
2996552
2996551
2996550
2996549
2996548
2996547
2996546
2996545
2996544
2996543
2996542
2996541
2996540
2996539
2996538
2996537
2996536
2996535
2996534
2996533
2996532
2996531
2996530
2996529
2996528
2996527
2996526
2996525
2996524
2996523
2996522
2996521
2996520
2996519
2996518
2996517
2996516
2996515
2996514
2996513
2996512
2996511
2996510
2996509
2996508
2996507
2996506
2996505
2996504
2996503
2996502
2996501
2996500
2996499
2996498
2996497
2996496
2996495
2996494
2996493
2996492
2996491
2996490
2996489
2996488
2996487
2996486
2996485
2996484
2996483
2996482
2996481
2996480
2996479
2996478
2996477
2996476
2996475
2996474
2996473
2996472
2996471
2996470
2996469
2996468
2996467
2996466
2996465
2996464
2996463
2996462
2996461
2996460
2996459
2996458
2996457
2996456
2996455
2996454
2996453
2996452
2996451
2996450
2996449
2996448
2996447
2996446
2996445
2996444
2996443
2996442
2996441
2996440
2996439
2996438
2996437
2996436
2996435
2996434
2996433
2996432
2996431
2996430
2996429
2996428
2996427
2996426
2996425
2996424
2996423
2996422
2996421
2996420
2996419
2996418
2996417
2996416
2996415
2996414
2996413
2996412
2996411
2996410
2996409
2996408
2996407
2996406
2996405
2996404
2996403
2996402
2996401
2996400
2996399
2996398
2996397
2996396
2996395
2996394
2996393
2996392
2996391
2996390
2996389
2996388
2996387
2996386
2996385
2996384
2996383
2996382
2996381
2996380
2996379
2996378
2996377
2996376
2996375
2996374
2996373
2996372
2996371
2996370
2996369
2996368
2996367
2996366
2996365
2996364
2996363
2996362
2996361
2996360
2996359
2996358
2996357
2996356
2996355
2996354
2996353
2996352
2996351
2996350
2996349
2996348
2996347
2996346
2996345
2996344
2996343
2996342
2996341
2996340
2996339
2996338
2996337
2996336
2996335
2996334
2996333
2996332
2996331
2996330
2996329
2996328
2996327
2996326
2996325
2996324
2996323
2996322
2996321
2996320
2996319
2996318
2996317
2996316
2996315
2996314
2996313
2996312
2996311
2996310
2996309
2996308
2996307
2996306
2996305
2996304
2996303
2996302
2996301
2996300
2996299
2996298
2996297
2996296
2996295
2996294
2996293
2996292
2996291
2996290
2996289
2996288
2996287
2996286
2996285
2996284
2996283
2996282
2996281
2996280
2996279
2996278
2996277
2996276
2996275
2996274
2996273
2996272
2996271
2996270
2996269
2996268
2996267
2996266
2996265
2996264
2996263
2996262
2996261
2996260
2996259
2996258
2996257
2996256
2996255
2996254
2996253
2996252
2996251
2996250
2996249
2996248
2996247
2996246
2996245
2996244
2996243
2996242
2996241
2996240
2996239
2996238
2996237
2996236
2996235
2996234
2996233
2996232
2996231
2996230
2996229
2996228
2996227
2996226
2996225
2996224
2996223
2996222
2996221
2996220
2996219
2996218
2996217
2996216
2996215
2996214
2996213
2996212
2996211
2996210
2996209
2996208
2996207
2996206
2996205
2996204
2996203
2996202
2996201
2996200
2996199
2996198
2996197
2996196
2996195
2996194
2996193
2996192
2996191
2996190
2996189
2996188
2996187
2996186
2996185
2996184
2996183
2996182
2996181
2996180
2996179
2996178
2996177
2996176
2996175
2996174
2996173
2996172
2996171
2996170
2996169
2996168
2996167
2996166
2996165
2996164
2996163
2996162
2996161
2996160
2996159
2996158
2996157
2996156
2996155
2996154
2996153
2996152
2996151
2996150
2996149
2996148
2996147
2996146
2996145
2996144
2996143
2996142
2996141
2996140
2996139
2996138
2996137
2996136
2996135
2996134
2996133
2996132
2996131
2996130
2996129
2996128
2996127
2996126
2996125
2996124
2996123
2996122
2996121
2996120
2996119
2996118
2996117
2996116
2996115
2996114
2996113
2996112
2996111
2996110
2996109
2996108
2996107
2996106
2996105
2996104
2996103
2996102
2996101
2996100
2996099
2996098
2996097
2996096
2996095
2996094
2996093
2996092
2996091
2996090
2996089
2996088
2996087
2996086
2996085
2996084
2996083
2996082
2996081
2996080
2996079
2996078
2996077
2996076
2996075
2996074
2996073
2996072
2996071
2996070
2996069
2996068
2996067
2996066
2996065
2996064
2996063
2996062
2996061
2996060
2996059
2996058
2996057
2996056
2996055
2996054
2996053
2996052
2996051
2996050
2996049
2996048
2996047
2996046
2996045
2996044
2996043
2996042
2996041
2996040
2996039
2996038
2996037
2996036
2996035
2996034
2996033
2996032
2996031
2996030
2996029
2996028
2996027
2996026
2996025
2996024
2996023
2996022
2996021
2996020
2996019
2996018
2996017
2996016
2996015
2996014
2996013
2996012
2996011
2996010
2996009
2996008
2996007
2996006
2996005
2996004
2996003
2996002
2996001
2996000
2995999
2995998
2995997
2995996
2995995
2995994
2995993
2995992
2995991
2995990
2995989
2995988
2995987
2995986
2995985
2995984
2995983
2995982
2995981
2995980
2995979
2995978
2995977
2995976
2995975
2995974
2995973
2995972
2995971
2995970
2995969
2995968
2995967
2995966
2995965
2995964
2995963
2995962
2995961
2995960
2995959
2995958
2995957
2995956
2995955
2995954
2995953
2995952
2995951
2995950
2995949
2995948
2995947
2995946
2995945
2995944
2995943
2995942
2995941
2995940
2995939
2995938
2995937
2995936
2995935
2995934
2995933
2995932
2995931
2995930
2995929
2995928
2995927
2995926
2995925
2995924
2995923
2995922
2995921
2995920
2995919
2995918
2995917
2995916
2995915
2995914
2995913
2995912
2995911
2995910
2995909
2995908
2995907
2995906
2995905
2995904
2995903
2995902
2995901
2995900
2995899
2995898
2995897
2995896
2995895
2995894
2995893
2995892
2995891
2995890
2995889
2995888
2995887
2995886
2995885
2995884
2995883
2995882
2995881
2995880
2995879
2995878
2995877
2995876
2995875
2995874
2995873
2995872
2995871
2995870
2995869
2995868
2995867
2995866
2995865
2995864
2995863
2995862
2995861
2995860
2995859
2995858
2995857
2995856
2995855
2995854
2995853
2995852
2995851
2995850
2995849
2995848
2995847
2995846
2995845
2995844
2995843
2995842
2995841
2995840
2995839
2995838
2995837
2995836
2995835
2995834
2995833
2995832
2995831
2995830
2995829
2995828
2995827
2995826
2995825
2995824
2995823
2995822
2995821
2995820
2995819
2995818
2995817
2995816
2995815
2995814
2995813
2995812
2995811
2995810
2995809
2995808
2995807
2995806
2995805
2995804
2995803
2995802
2995801
2995800
2995799
2995798
2995797
2995796
2995795
2995794
2995793
2995792
2995791
2995790
2995789
2995788
2995787
2995786
2995785
2995784
2995783
2995782
2995781
2995780
2995779
2995778
2995777
2995776
2995775
2995774
2995773
2995772
2995771
2995770
2995769
2995768
2995767
2995766
2995765
2995764
2995763
2995762
2995761
2995760
2995759
2995758
2995757
2995756
2995755
2995754
2995753
2995752
2995751
2995750
2995749
2995748
2995747
2995746
2995745
2995744
2995743
2995742
2995741
2995740
2995739
2995738
2995737
2995736
2995735
2995734
2995733
2995732
2995731
2995730
2995729
2995728
2995727
2995726
2995725
2995724
2995723
2995722
2995721
2995720
2995719
2995718
2995717
2995716
2995715
2995714
2995713
2995712
2995711
2995710
2995709
2995708
2995707
2995706
2995705
2995704
2995703
2995702
2995701
2995700
2995699
2995698
2995697
2995696
2995695
2995694
2995693
2995692
2995691
2995690
2995689
2995688
2995687
2995686
2995685
2995684
2995683
2995682
2995681
2995680
2995679
2995678
2995677
2995676
2995675
2995674
2995673
2995672
2995671
2995670
2995669
2995668
2995667
2995666
2995665
2995664
2995663
2995662
2995661
2995660
2995659
2995658
2995657
2995656
2995655
2995654
2995653
2995652
2995651
2995650
2995649
2995648
2995647
2995646
2995645
2995644
2995643
2995642
2995641
2995640
2995639
2995638
2995637
2995636
2995635
2995634
2995633
2995632
2995631
2995630
2995629
2995628
2995627
2995626
2995625
2995624
2995623
2995622
2995621
2995620
2995619
2995618
2995617
2995616
2995615
2995614
2995613
2995612
2995611
2995610
2995609
2995608
2995607
2995606
2995605
2995604
2995603
2995602
2995601
2995600
2995599
2995598
2995597
2995596
2995595
2995594
2995593
2995592
2995591
2995590
2995589
2995588
2995587
2995586
2995585
2995584
2995583
2995582
2995581
2995580
2995579
2995578
2995577
2995576
2995575
2995574
2995573
2995572
2995571
2995570
2995569
2995568
2995567
2995566
2995565
2995564
2995563
2995562
2995561
2995560
2995559
2995558
2995557
2995556
2995555
2995554
2995553
2995552
2995551
2995550
2995549
2995548
2995547
2995546
2995545
2995544
2995543
2995542
2995541
2995540
2995539
2995538
2995537
2995536
2995535
2995534
2995533
2995532
2995531
2995530
2995529
2995528
2995527
2995526
2995525
2995524
2995523
2995522
2995521
2995520
2995519
2995518
2995517
2995516
2995515
2995514
2995513
2995512
2995511
2995510
2995509
2995508
2995507
2995506
2995505
2995504
2995503
2995502
2995501
2995500
2995499
2995498
2995497
2995496
2995495
2995494
2995493
2995492
2995491
2995490
2995489
2995488
2995487
2995486
2995485
2995484
2995483
2995482
2995481
2995480
2995479
2995478
2995477
2995476
2995475
2995474
2995473
2995472
2995471
2995470
2995469
2995468
2995467
2995466
2995465
2995464
2995463
2995462
2995461
2995460
2995459
2995458
2995457
2995456
2995455
2995454
2995453
2995452
2995451
2995450
2995449
2995448
2995447
2995446
2995445
2995444
2995443
2995442
2995441
2995440
2995439
2995438
2995437
2995436
2995435
2995434
2995433
2995432
2995431
2995430
2995429
2995428
2995427
2995426
2995425
2995424
2995423
2995422
2995421
2995420
2995419
2995418
2995417
2995416
2995415
2995414
2995413
2995412
2995411
2995410
2995409
2995408
2995407
2995406
2995405
2995404
2995403
2995402
2995401
2995400
2995399
2995398
2995397
2995396
2995395
2995394
2995393
2995392
2995391
2995390
2995389
2995388
2995387
2995386
2995385
2995384
2995383
2995382
2995381
2995380
2995379
2995378
2995377
2995376
2995375
2995374
2995373
2995372
2995371
2995370
2995369
2995368
2995367
2995366
2995365
2995364
2995363
2995362
2995361
2995360
2995359
2995358
2995357
2995356
2995355
2995354
2995353
2995352
2995351
2995350
2995349
2995348
2995347
2995346
2995345
2995344
2995343
2995342
2995341
2995340
2995339
2995338
2995337
2995336
2995335
2995334
2995333
2995332
2995331
2995330
2995329
2995328
2995327
2995326
2995325
2995324
2995323
2995322
2995321
2995320
2995319
2995318
2995317
2995316
2995315
2995314
2995313
2995312
2995311
2995310
2995309
2995308
2995307
2995306
2995305
2995304
2995303
2995302
2995301
2995300
2995299
2995298
2995297
2995296
2995295
2995294
2995293
2995292
2995291
2995290
2995289
2995288
2995287
2995286
2995285
2995284
2995283
2995282
2995281
2995280
2995279
2995278
2995277
2995276
2995275
2995274
2995273
2995272
2995271
2995270
2995269
2995268
2995267
2995266
2995265
2995264
2995263
2995262
2995261
2995260
2995259
2995258
2995257
2995256
2995255
2995254
2995253
2995252
2995251
2995250
2995249
2995248
2995247
2995246
2995245
2995244
2995243
2995242
2995241
2995240
2995239
2995238
2995237
2995236
2995235
2995234
2995233
2995232
2995231
2995230
2995229
2995228
2995227
2995226
2995225
2995224
2995223
2995222
2995221
2995220
2995219
2995218
2995217
2995216
2995215
2995214
2995213
2995212
2995211
2995210
2995209
2995208
2995207
2995206
2995205
2995204
2995203
2995202
2995201
2995200
2995199
2995198
2995197
2995196
2995195
2995194
2995193
2995192
2995191
2995190
2995189
2995188
2995187
2995186
2995185
2995184
2995183
2995182
2995181
2995180
2995179
2995178
2995177
2995176
2995175
2995174
2995173
2995172
2995171
2995170
2995169
2995168
2995167
2995166
2995165
2995164
2995163
2995162
2995161
2995160
2995159
2995158
2995157
2995156
2995155
2995154
2995153
2995152
2995151
2995150
2995149
2995148
2995147
2995146
2995145
2995144
2995143
2995142
2995141
2995140
2995139
2995138
2995137
2995136
2995135
2995134
2995133
2995132
2995131
2995130
2995129
2995128
2995127
2995126
2995125
2995124
2995123
2995122
2995121
2995120
2995119
2995118
2995117
2995116
2995115
2995114
2995113
2995112
2995111
2995110
2995109
2995108
2995107
2995106
2995105
2995104
2995103
2995102
2995101
2995100
2995099
2995098
2995097
2995096
2995095
2995094
2995093
2995092
2995091
2995090
2995089
2995088
2995087
2995086
2995085
2995084
2995083
2995082
2995081
2995080
2995079
2995078
2995077
2995076
2995075
2995074
2995073
2995072
2995071
2995070
2995069
2995068
2995067
2995066
2995065
2995064
2995063
2995062
2995061
2995060
2995059
2995058
2995057
2995056
2995055
2995054
2995053
2995052
2995051
2995050
2995049
2995048
2995047
2995046
2995045
2995044
2995043
2995042
2995041
2995040
2995039
2995038
2995037
2995036
2995035
2995034
2995033
2995032
2995031
2995030
2995029
2995028
2995027
2995026
2995025
2995024
2995023
2995022
2995021
2995020
2995019
2995018
2995017
2995016
2995015
2995014
2995013
2995012
2995011
2995010
2995009
2995008
2995007
2995006
2995005
2995004
2995003
2995002
2995001
2995000
2994999
2994998
2994997
2994996
2994995
2994994
2994993
2994992
2994991
2994990
2994989
2994988
2994987
2994986
2994985
2994984
2994983
2994982
2994981
2994980
2994979
2994978
2994977
2994976
2994975
2994974
2994973
2994972
2994971
2994970
2994969
2994968
2994967
2994966
2994965
2994964
2994963
2994962
2994961
2994960
2994959
2994958
2994957
2994956
2994955
2994954
2994953
2994952
2994951
2994950
2994949
2994948
2994947
2994946
2994945
2994944
2994943
2994942
2994941
2994940
2994939
2994938
2994937
2994936
2994935
2994934
2994933
2994932
2994931
2994930
2994929
2994928
2994927
2994926
2994925
2994924
2994923
2994922
2994921
2994920
2994919
2994918
2994917
2994916
2994915
2994914
2994913
2994912
2994911
2994910
2994909
2994908
2994907
2994906
2994905
2994904
2994903
2994902
2994901
2994900
2994899
2994898
2994897
2994896
2994895
2994894
2994893
2994892
2994891
2994890
2994889
2994888
2994887
2994886
2994885
2994884
2994883
2994882
2994881
2994880
2994879
2994878
2994877
2994876
2994875
2994874
2994873
2994872
2994871
2994870
2994869
2994868
2994867
2994866
2994865
2994864
2994863
2994862
2994861
2994860
2994859
2994858
2994857
2994856
2994855
2994854
2994853
2994852
2994851
2994850
2994849
2994848
2994847
2994846
2994845
2994844
2994843
2994842
2994841
2994840
2994839
2994838
2994837
2994836
2994835
2994834
2994833
2994832
2994831
2994830
2994829
2994828
2994827
2994826
2994825
2994824
2994823
2994822
2994821
2994820
2994819
2994818
2994817
2994816
2994815
2994814
2994813
2994812
2994811
2994810
2994809
2994808
2994807
2994806
2994805
2994804
2994803
2994802
2994801
2994800
2994799
2994798
2994797
2994796
2994795
2994794
2994793
2994792
2994791
2994790
2994789
2994788
2994787
2994786
2994785
2994784
2994783
2994782
2994781
2994780
2994779
2994778
2994777
2994776
2994775
2994774
2994773
2994772
2994771
2994770
2994769
2994768
2994767
2994766
2994765
2994764
2994763
2994762
2994761
2994760
2994759
2994758
2994757
2994756
2994755
2994754
2994753
2994752
2994751
2994750
2994749
2994748
2994747
2994746
2994745
2994744
2994743
2994742
2994741
2994740
2994739
2994738
2994737
2994736
2994735
2994734
2994733
2994732
2994731
2994730
2994729
2994728
2994727
2994726
2994725
2994724
2994723
2994722
2994721
2994720
2994719
2994718
2994717
2994716
2994715
2994714
2994713
2994712
2994711
2994710
2994709
2994708
2994707
2994706
2994705
2994704
2994703
2994702
2994701
2994700
2994699
2994698
2994697
2994696
2994695
2994694
2994693
2994692
2994691
2994690
2994689
2994688
2994687
2994686
2994685
2994684
2994683
2994682
2994681
2994680
2994679
2994678
2994677
2994676
2994675
2994674
2994673
2994672
2994671
2994670
2994669
2994668
2994667
2994666
2994665
2994664
2994663
2994662
2994661
2994660
2994659
2994658
2994657
2994656
2994655
2994654
2994653
2994652
2994651
2994650
2994649
2994648
2994647
2994646
2994645
2994644
2994643
2994642
2994641
2994640
2994639
2994638
2994637
2994636
2994635
2994634
2994633
2994632
2994631
2994630
2994629
2994628
2994627
2994626
2994625
2994624
2994623
2994622
2994621
2994620
2994619
2994618
2994617
2994616
2994615
2994614
2994613
2994612
2994611
2994610
2994609
2994608
2994607
2994606
2994605
2994604
2994603
2994602
2994601
2994600
2994599
2994598
2994597
2994596
2994595
2994594
2994593
2994592
2994591
2994590
2994589
2994588
2994587
2994586
2994585
2994584
2994583
2994582
2994581
2994580
2994579
2994578
2994577
2994576
2994575
2994574
2994573
2994572
2994571
2994570
2994569
2994568
2994567
2994566
2994565
2994564
2994563
2994562
2994561
2994560
2994559
2994558
2994557
2994556
2994555
2994554
2994553
2994552
2994551
2994550
2994549
2994548
2994547
2994546
2994545
2994544
2994543
2994542
2994541
2994540
2994539
2994538
2994537
2994536
2994535
2994534
2994533
2994532
2994531
2994530
2994529
2994528
2994527
2994526
2994525
2994524
2994523
2994522
2994521
2994520
2994519
2994518
2994517
2994516
2994515
2994514
2994513
2994512
2994511
2994510
2994509
2994508
2994507
2994506
2994505
2994504
2994503
2994502
2994501
2994500
2994499
2994498
2994497
2994496
2994495
2994494
2994493
2994492
2994491
2994490
2994489
2994488
2994487
2994486
2994485
2994484
2994483
2994482
2994481
2994480
2994479
2994478
2994477
2994476
2994475
2994474
2994473
2994472
2994471
2994470
2994469
2994468
2994467
2994466
2994465
2994464
2994463
2994462
2994461
2994460
2994459
2994458
2994457
2994456
2994455
2994454
2994453
2994452
2994451
2994450
2994449
2994448
2994447
2994446
2994445
2994444
2994443
2994442
2994441
2994440
2994439
2994438
2994437
2994436
2994435
2994434
2994433
2994432
2994431
2994430
2994429
2994428
2994427
2994426
2994425
2994424
2994423
2994422
2994421
2994420
2994419
2994418
2994417
2994416
2994415
2994414
2994413
2994412
2994411
2994410
2994409
2994408
2994407
2994406
2994405
2994404
2994403
2994402
2994401
2994400
2994399
2994398
2994397
2994396
2994395
2994394
2994393
2994392
2994391
2994390
2994389
2994388
2994387
2994386
2994385
2994384
2994383
2994382
2994381
2994380
2994379
2994378
2994377
2994376
2994375
2994374
2994373
2994372
2994371
2994370
2994369
2994368
2994367
2994366
2994365
2994364
2994363
2994362
2994361
2994360
2994359
2994358
2994357
2994356
2994355
2994354
2994353
2994352
2994351
2994350
2994349
2994348
2994347
2994346
2994345
2994344
2994343
2994342
2994341
2994340
2994339
2994338
2994337
2994336
2994335
2994334
2994333
2994332
2994331
2994330
2994329
2994328
2994327
2994326
2994325
2994324
2994323
2994322
2994321
2994320
2994319
2994318
2994317
2994316
2994315
2994314
2994313
2994312
2994311
2994310
2994309
2994308
2994307
2994306
2994305
2994304
2994303
2994302
2994301
2994300
2994299
2994298
2994297
2994296
2994295
2994294
2994293
2994292
2994291
2994290
2994289
2994288
2994287
2994286
2994285
2994284
2994283
2994282
2994281
2994280
2994279
2994278
2994277
2994276
2994275
2994274
2994273
2994272
2994271
2994270
2994269
2994268
2994267
2994266
2994265
2994264
2994263
2994262
2994261
2994260
2994259
2994258
2994257
2994256
2994255
2994254
2994253
2994252
2994251
2994250
2994249
2994248
2994247
2994246
2994245
2994244
2994243
2994242
2994241
2994240
2994239
2994238
2994237
2994236
2994235
2994234
2994233
2994232
2994231
2994230
2994229
2994228
2994227
2994226
2994225
2994224
2994223
2994222
2994221
2994220
2994219
2994218
2994217
2994216
2994215
2994214
2994213
2994212
2994211
2994210
2994209
2994208
2994207
2994206
2994205
2994204
2994203
2994202
2994201
2994200
2994199
2994198
2994197
2994196
2994195
2994194
2994193
2994192
2994191
2994190
2994189
2994188
2994187
2994186
2994185
2994184
2994183
2994182
2994181
2994180
2994179
2994178
2994177
2994176
2994175
2994174
2994173
2994172
2994171
2994170
2994169
2994168
2994167
2994166
2994165
2994164
2994163
2994162
2994161
2994160
2994159
2994158
2994157
2994156
2994155
2994154
2994153
2994152
2994151
2994150
2994149
2994148
2994147
2994146
2994145
2994144
2994143
2994142
2994141
2994140
2994139
2994138
2994137
2994136
2994135
2994134
2994133
2994132
2994131
2994130
2994129
2994128
2994127
2994126
2994125
2994124
2994123
2994122
2994121
2994120
2994119
2994118
2994117
2994116
2994115
2994114
2994113
2994112
2994111
2994110
2994109
2994108
2994107
2994106
2994105
2994104
2994103
2994102
2994101
2994100
2994099
2994098
2994097
2994096
2994095
2994094
2994093
2994092
2994091
2994090
2994089
2994088
2994087
2994086
2994085
2994084
2994083
2994082
2994081
2994080
2994079
2994078
2994077
2994076
2994075
2994074
2994073
2994072
2994071
2994070
2994069
2994068
2994067
2994066
2994065
2994064
2994063
2994062
2994061
2994060
2994059
2994058
2994057
2994056
2994055
2994054
2994053
2994052
2994051
2994050
2994049
2994048
2994047
2994046
2994045
2994044
2994043
2994042
2994041
2994040
2994039
2994038
2994037
2994036
2994035
2994034
2994033
2994032
2994031
2994030
2994029
2994028
2994027
2994026
2994025
2994024
2994023
2994022
2994021
2994020
2994019
2994018
2994017
2994016
2994015
2994014
2994013
2994012
2994011
2994010
2994009
2994008
2994007
2994006
2994005
2994004
2994003
2994002
2994001
2994000
2993999
2993998
2993997
2993996
2993995
2993994
2993993
2993992
2993991
2993990
2993989
2993988
2993987
2993986
2993985
2993984
2993983
2993982
2993981
2993980
2993979
2993978
2993977
2993976
2993975
2993974
2993973
2993972
2993971
2993970
2993969
2993968
2993967
2993966
2993965
2993964
2993963
2993962
2993961
2993960
2993959
2993958
2993957
2993956
2993955
2993954
2993953
2993952
2993951
2993950
2993949
2993948
2993947
2993946
2993945
2993944
2993943
2993942
2993941
2993940
2993939
2993938
2993937
2993936
2993935
2993934
2993933
2993932
2993931
2993930
2993929
2993928
2993927
2993926
2993925
2993924
2993923
2993922
2993921
2993920
2993919
2993918
2993917
2993916
2993915
2993914
2993913
2993912
2993911
2993910
2993909
2993908
2993907
2993906
2993905
2993904
2993903
2993902
2993901
2993900
2993899
2993898
2993897
2993896
2993895
2993894
2993893
2993892
2993891
2993890
2993889
2993888
2993887
2993886
2993885
2993884
2993883
2993882
2993881
2993880
2993879
2993878
2993877
2993876
2993875
2993874
2993873
2993872
2993871
2993870
2993869
2993868
2993867
2993866
2993865
2993864
2993863
2993862
2993861
2993860
2993859
2993858
2993857
2993856
2993855
2993854
2993853
2993852
2993851
2993850
2993849
2993848
2993847
2993846
2993845
2993844
2993843
2993842
2993841
2993840
2993839
2993838
2993837
2993836
2993835
2993834
2993833
2993832
2993831
2993830
2993829
2993828
2993827
2993826
2993825
2993824
2993823
2993822
2993821
2993820
2993819
2993818
2993817
2993816
2993815
2993814
2993813
2993812
2993811
2993810
2993809
2993808
2993807
2993806
2993805
2993804
2993803
2993802
2993801
2993800
2993799
2993798
2993797
2993796
2993795
2993794
2993793
2993792
2993791
2993790
2993789
2993788
2993787
2993786
2993785
2993784
2993783
2993782
2993781
2993780
2993779
2993778
2993777
2993776
2993775
2993774
2993773
2993772
2993771
2993770
2993769
2993768
2993767
2993766
2993765
2993764
2993763
2993762
2993761
2993760
2993759
2993758
2993757
2993756
2993755
2993754
2993753
2993752
2993751
2993750
2993749
2993748
2993747
2993746
2993745
2993744
2993743
2993742
2993741
2993740
2993739
2993738
2993737
2993736
2993735
2993734
2993733
2993732
2993731
2993730
2993729
2993728
2993727
2993726
2993725
2993724
2993723
2993722
2993721
2993720
2993719
2993718
2993717
2993716
2993715
2993714
2993713
2993712
2993711
2993710
2993709
2993708
2993707
2993706
2993705
2993704
2993703
2993702
2993701
2993700
2993699
2993698
2993697
2993696
2993695
2993694
2993693
2993692
2993691
2993690
2993689
2993688
2993687
2993686
2993685
2993684
2993683
2993682
2993681
2993680
2993679
2993678
2993677
2993676
2993675
2993674
2993673
2993672
2993671
2993670
2993669
2993668
2993667
2993666
2993665
2993664
2993663
2993662
2993661
2993660
2993659
2993658
2993657
2993656
2993655
2993654
2993653
2993652
2993651
2993650
2993649
2993648
2993647
2993646
2993645
2993644
2993643
2993642
2993641
2993640
2993639
2993638
2993637
2993636
2993635
2993634
2993633
2993632
2993631
2993630
2993629
2993628
2993627
2993626
2993625
2993624
2993623
2993622
2993621
2993620
2993619
2993618
2993617
2993616
2993615
2993614
2993613
2993612
2993611
2993610
2993609
2993608
2993607
2993606
2993605
2993604
2993603
2993602
2993601
2993600
2993599
2993598
2993597
2993596
2993595
2993594
2993593
2993592
2993591
2993590
2993589
2993588
2993587
2993586
2993585
2993584
2993583
2993582
2993581
2993580
2993579
2993578
2993577
2993576
2993575
2993574
2993573
2993572
2993571
2993570
2993569
2993568
2993567
2993566
2993565
2993564
2993563
2993562
2993561
2993560
2993559
2993558
2993557
2993556
2993555
2993554
2993553
2993552
2993551
2993550
2993549
2993548
2993547
2993546
2993545
2993544
2993543
2993542
2993541
2993540
2993539
2993538
2993537
2993536
2993535
2993534
2993533
2993532
2993531
2993530
2993529
2993528
2993527
2993526
2993525
2993524
2993523
2993522
2993521
2993520
2993519
2993518
2993517
2993516
2993515
2993514
2993513
2993512
2993511
2993510
2993509
2993508
2993507
2993506
2993505
2993504
2993503
2993502
2993501
2993500
2993499
2993498
2993497
2993496
2993495
2993494
2993493
2993492
2993491
2993490
2993489
2993488
2993487
2993486
2993485
2993484
2993483
2993482
2993481
2993480
2993479
2993478
2993477
2993476
2993475
2993474
2993473
2993472
2993471
2993470
2993469
2993468
2993467
2993466
2993465
2993464
2993463
2993462
2993461
2993460
2993459
2993458
2993457
2993456
2993455
2993454
2993453
2993452
2993451
2993450
2993449
2993448
2993447
2993446
2993445
2993444
2993443
2993442
2993441
2993440
2993439
2993438
2993437
2993436
2993435
2993434
2993433
2993432
2993431
2993430
2993429
2993428
2993427
2993426
2993425
2993424
2993423
2993422
2993421
2993420
2993419
2993418
2993417
2993416
2993415
2993414
2993413
2993412
2993411
2993410
2993409
2993408
2993407
2993406
2993405
2993404
2993403
2993402
2993401
2993400
2993399
2993398
2993397
2993396
2993395
2993394
2993393
2993392
2993391
2993390
2993389
2993388
2993387
2993386
2993385
2993384
2993383
2993382
2993381
2993380
2993379
2993378
2993377
2993376
2993375
2993374
2993373
2993372
2993371
2993370
2993369
2993368
2993367
2993366
2993365
2993364
2993363
2993362
2993361
2993360
2993359
2993358
2993357
2993356
2993355
2993354
2993353
2993352
2993351
2993350
2993349
2993348
2993347
2993346
2993345
2993344
2993343
2993342
2993341
2993340
2993339
2993338
2993337
2993336
2993335
2993334
2993333
2993332
2993331
2993330
2993329
2993328
2993327
2993326
2993325
2993324
2993323
2993322
2993321
2993320
2993319
2993318
2993317
2993316
2993315
2993314
2993313
2993312
2993311
2993310
2993309
2993308
2993307
2993306
2993305
2993304
2993303
2993302
2993301
2993300
2993299
2993298
2993297
2993296
2993295
2993294
2993293
2993292
2993291
2993290
2993289
2993288
2993287
2993286
2993285
2993284
2993283
2993282
2993281
2993280
2993279
2993278
2993277
2993276
2993275
2993274
2993273
2993272
2993271
2993270
2993269
2993268
2993267
2993266
2993265
2993264
2993263
2993262
2993261
2993260
2993259
2993258
2993257
2993256
2993255
2993254
2993253
2993252
2993251
2993250
2993249
2993248
2993247
2993246
2993245
2993244
2993243
2993242
2993241
2993240
2993239
2993238
2993237
2993236
2993235
2993234
2993233
2993232
2993231
2993230
2993229
2993228
2993227
2993226
2993225
2993224
2993223
2993222
2993221
2993220
2993219
2993218
2993217
2993216
2993215
2993214
2993213
2993212
2993211
2993210
2993209
2993208
2993207
2993206
2993205
2993204
2993203
2993202
2993201
2993200
2993199
2993198
2993197
2993196
2993195
2993194
2993193
2993192
2993191
2993190
2993189
2993188
2993187
2993186
2993185
2993184
2993183
2993182
2993181
2993180
2993179
2993178
2993177
2993176
2993175
2993174
2993173
2993172
2993171
2993170
2993169
2993168
2993167
2993166
2993165
2993164
2993163
2993162
2993161
2993160
2993159
2993158
2993157
2993156
2993155
2993154
2993153
2993152
2993151
2993150
2993149
2993148
2993147
2993146
2993145
2993144
2993143
2993142
2993141
2993140
2993139
2993138
2993137
2993136
2993135
2993134
2993133
2993132
2993131
2993130
2993129
2993128
2993127
2993126
2993125
2993124
2993123
2993122
2993121
2993120
2993119
2993118
2993117
2993116
2993115
2993114
2993113
2993112
2993111
2993110
2993109
2993108
2993107
2993106
2993105
2993104
2993103
2993102
2993101
2993100
2993099
2993098
2993097
2993096
2993095
2993094
2993093
2993092
2993091
2993090
2993089
2993088
2993087
2993086
2993085
2993084
2993083
2993082
2993081
2993080
2993079
2993078
2993077
2993076
2993075
2993074
2993073
2993072
2993071
2993070
2993069
2993068
2993067
2993066
2993065
2993064
2993063
2993062
2993061
2993060
2993059
2993058
2993057
2993056
2993055
2993054
2993053
2993052
2993051
2993050
2993049
2993048
2993047
2993046
2993045
2993044
2993043
2993042
2993041
2993040
2993039
2993038
2993037
2993036
2993035
2993034
2993033
2993032
2993031
2993030
2993029
2993028
2993027
2993026
2993025
2993024
2993023
2993022
2993021
2993020
2993019
2993018
2993017
2993016
2993015
2993014
2993013
2993012
2993011
2993010
2993009
2993008
2993007
2993006
2993005
2993004
2993003
2993002
2993001
2993000
2992999
2992998
2992997
2992996
2992995
2992994
2992993
2992992
2992991
2992990
2992989
2992988
2992987
2992986
2992985
2992984
2992983
2992982
2992981
2992980
2992979
2992978
2992977
2992976
2992975
2992974
2992973
2992972
2992971
2992970
2992969
2992968
2992967
2992966
2992965
2992964
2992963
2992962
2992961
2992960
2992959
2992958
2992957
2992956
2992955
2992954
2992953
2992952
2992951
2992950
2992949
2992948
2992947
2992946
2992945
2992944
2992943
2992942
2992941
2992940
2992939
2992938
2992937
2992936
2992935
2992934
2992933
2992932
2992931
2992930
2992929
2992928
2992927
2992926
2992925
2992924
2992923
2992922
2992921
2992920
2992919
2992918
2992917
2992916
2992915
2992914
2992913
2992912
2992911
2992910
2992909
2992908
2992907
2992906
2992905
2992904
2992903
2992902
2992901
2992900
2992899
2992898
2992897
2992896
2992895
2992894
2992893
2992892
2992891
2992890
2992889
2992888
2992887
2992886
2992885
2992884
2992883
2992882
2992881
2992880
2992879
2992878
2992877
2992876
2992875
2992874
2992873
2992872
2992871
2992870
2992869
2992868
2992867
2992866
2992865
2992864
2992863
2992862
2992861
2992860
2992859
2992858
2992857
2992856
2992855
2992854
2992853
2992852
2992851
2992850
2992849
2992848
2992847
2992846
2992845
2992844
2992843
2992842
2992841
2992840
2992839
2992838
2992837
2992836
2992835
2992834
2992833
2992832
2992831
2992830
2992829
2992828
2992827
2992826
2992825
2992824
2992823
2992822
2992821
2992820
2992819
2992818
2992817
2992816
2992815
2992814
2992813
2992812
2992811
2992810
2992809
2992808
2992807
2992806
2992805
2992804
2992803
2992802
2992801
2992800
2992799
2992798
2992797
2992796
2992795
2992794
2992793
2992792
2992791
2992790
2992789
2992788
2992787
2992786
2992785
2992784
2992783
2992782
2992781
2992780
2992779
2992778
2992777
2992776
2992775
2992774
2992773
2992772
2992771
2992770
2992769
2992768
2992767
2992766
2992765
2992764
2992763
2992762
2992761
2992760
2992759
2992758
2992757
2992756
2992755
2992754
2992753
2992752
2992751
2992750
2992749
2992748
2992747
2992746
2992745
2992744
2992743
2992742
2992741
2992740
2992739
2992738
2992737
2992736
2992735
2992734
2992733
2992732
2992731
2992730
2992729
2992728
2992727
2992726
2992725
2992724
2992723
2992722
2992721
2992720
2992719
2992718
2992717
2992716
2992715
2992714
2992713
2992712
2992711
2992710
2992709
2992708
2992707
2992706
2992705
2992704
2992703
2992702
2992701
2992700
2992699
2992698
2992697
2992696
2992695
2992694
2992693
2992692
2992691
2992690
2992689
2992688
2992687
2992686
2992685
2992684
2992683
2992682
2992681
2992680
2992679
2992678
2992677
2992676
2992675
2992674
2992673
2992672
2992671
2992670
2992669
2992668
2992667
2992666
2992665
2992664
2992663
2992662
2992661
2992660
2992659
2992658
2992657
2992656
2992655
2992654
2992653
2992652
2992651
2992650
2992649
2992648
2992647
2992646
2992645
2992644
2992643
2992642
2992641
2992640
2992639
2992638
2992637
2992636
2992635
2992634
2992633
2992632
2992631
2992630
2992629
2992628
2992627
2992626
2992625
2992624
2992623
2992622
2992621
2992620
2992619
2992618
2992617
2992616
2992615
2992614
2992613
2992612
2992611
2992610
2992609
2992608
2992607
2992606
2992605
2992604
2992603
2992602
2992601
2992600
2992599
2992598
2992597
2992596
2992595
2992594
2992593
2992592
2992591
2992590
2992589
2992588
2992587
2992586
2992585
2992584
2992583
2992582
2992581
2992580
2992579
2992578
2992577
2992576
2992575
2992574
2992573
2992572
2992571
2992570
2992569
2992568
2992567
2992566
2992565
2992564
2992563
2992562
2992561
2992560
2992559
2992558
2992557
2992556
2992555
2992554
2992553
2992552
2992551
2992550
2992549
2992548
2992547
2992546
2992545
2992544
2992543
2992542
2992541
2992540
2992539
2992538
2992537
2992536
2992535
2992534
2992533
2992532
2992531
2992530
2992529
2992528
2992527
2992526
2992525
2992524
2992523
2992522
2992521
2992520
2992519
2992518
2992517
2992516
2992515
2992514
2992513
2992512
2992511
2992510
2992509
2992508
2992507
2992506
2992505
2992504
2992503
2992502
2992501
2992500
2992499
2992498
2992497
2992496
2992495
2992494
2992493
2992492
2992491
2992490
2992489
2992488
2992487
2992486
2992485
2992484
2992483
2992482
2992481
2992480
2992479
2992478
2992477
2992476
2992475
2992474
2992473
2992472
2992471
2992470
2992469
2992468
2992467
2992466
2992465
2992464
2992463
2992462
2992461
2992460
2992459
2992458
2992457
2992456
2992455
2992454
2992453
2992452
2992451
2992450
2992449
2992448
2992447
2992446
2992445
2992444
2992443
2992442
2992441
2992440
2992439
2992438
2992437
2992436
2992435
2992434
2992433
2992432
2992431
2992430
2992429
2992428
2992427
2992426
2992425
2992424
2992423
2992422
2992421
2992420
2992419
2992418
2992417
2992416
2992415
2992414
2992413
2992412
2992411
2992410
2992409
2992408
2992407
2992406
2992405
2992404
2992403
2992402
2992401
2992400
2992399
2992398
2992397
2992396
2992395
2992394
2992393
2992392
2992391
2992390
2992389
2992388
2992387
2992386
2992385
2992384
2992383
2992382
2992381
2992380
2992379
2992378
2992377
2992376
2992375
2992374
2992373
2992372
2992371
2992370
2992369
2992368
2992367
2992366
2992365
2992364
2992363
2992362
2992361
2992360
2992359
2992358
2992357
2992356
2992355
2992354
2992353
2992352
2992351
2992350
2992349
2992348
2992347
2992346
2992345
2992344
2992343
2992342
2992341
2992340
2992339
2992338
2992337
2992336
2992335
2992334
2992333
2992332
2992331
2992330
2992329
2992328
2992327
2992326
2992325
2992324
2992323
2992322
2992321
2992320
2992319
2992318
2992317
2992316
2992315
2992314
2992313
2992312
2992311
2992310
2992309
2992308
2992307
2992306
2992305
2992304
2992303
2992302
2992301
2992300
2992299
2992298
2992297
2992296
2992295
2992294
2992293
2992292
2992291
2992290
2992289
2992288
2992287
2992286
2992285
2992284
2992283
2992282
2992281
2992280
2992279
2992278
2992277
2992276
2992275
2992274
2992273
2992272
2992271
2992270
2992269
2992268
2992267
2992266
2992265
2992264
2992263
2992262
2992261
2992260
2992259
2992258
2992257
2992256
2992255
2992254
2992253
2992252
2992251
2992250
2992249
2992248
2992247
2992246
2992245
2992244
2992243
2992242
2992241
2992240
2992239
2992238
2992237
2992236
2992235
2992234
2992233
2992232
2992231
2992230
2992229
2992228
2992227
2992226
2992225
2992224
2992223
2992222
2992221
2992220
2992219
2992218
2992217
2992216
2992215
2992214
2992213
2992212
2992211
2992210
2992209
2992208
2992207
2992206
2992205
2992204
2992203
2992202
2992201
2992200
2992199
2992198
2992197
2992196
2992195
2992194
2992193
2992192
2992191
2992190
2992189
2992188
2992187
2992186
2992185
2992184
2992183
2992182
2992181
2992180
2992179
2992178
2992177
2992176
2992175
2992174
2992173
2992172
2992171
2992170
2992169
2992168
2992167
2992166
2992165
2992164
2992163
2992162
2992161
2992160
2992159
2992158
2992157
2992156
2992155
2992154
2992153
2992152
2992151
2992150
2992149
2992148
2992147
2992146
2992145
2992144
2992143
2992142
2992141
2992140
2992139
2992138
2992137
2992136
2992135
2992134
2992133
2992132
2992131
2992130
2992129
2992128
2992127
2992126
2992125
2992124
2992123
2992122
2992121
2992120
2992119
2992118
2992117
2992116
2992115
2992114
2992113
2992112
2992111
2992110
2992109
2992108
2992107
2992106
2992105
2992104
2992103
2992102
2992101
2992100
2992099
2992098
2992097
2992096
2992095
2992094
2992093
2992092
2992091
2992090
2992089
2992088
2992087
2992086
2992085
2992084
2992083
2992082
2992081
2992080
2992079
2992078
2992077
2992076
2992075
2992074
2992073
2992072
2992071
2992070
2992069
2992068
2992067
2992066
2992065
2992064
2992063
2992062
2992061
2992060
2992059
2992058
2992057
2992056
2992055
2992054
2992053
2992052
2992051
2992050
2992049
2992048
2992047
2992046
2992045
2992044
2992043
2992042
2992041
2992040
2992039
2992038
2992037
2992036
2992035
2992034
2992033
2992032
2992031
2992030
2992029
2992028
2992027
2992026
2992025
2992024
2992023
2992022
2992021
2992020
2992019
2992018
2992017
2992016
2992015
2992014
2992013
2992012
2992011
2992010
2992009
2992008
2992007
2992006
2992005
2992004
2992003
2992002
2992001
2992000
2991999
2991998
2991997
2991996
2991995
2991994
2991993
2991992
2991991
2991990
2991989
2991988
2991987
2991986
2991985
2991984
2991983
2991982
2991981
2991980
2991979
2991978
2991977
2991976
2991975
2991974
2991973
2991972
2991971
2991970
2991969
2991968
2991967
2991966
2991965
2991964
2991963
2991962
2991961
2991960
2991959
2991958
2991957
2991956
2991955
2991954
2991953
2991952
2991951
2991950
2991949
2991948
2991947
2991946
2991945
2991944
2991943
2991942
2991941
2991940
2991939
2991938
2991937
2991936
2991935
2991934
2991933
2991932
2991931
2991930
2991929
2991928
2991927
2991926
2991925
2991924
2991923
2991922
2991921
2991920
2991919
2991918
2991917
2991916
2991915
2991914
2991913
2991912
2991911
2991910
2991909
2991908
2991907
2991906
2991905
2991904
2991903
2991902
2991901
2991900
2991899
2991898
2991897
2991896
2991895
2991894
2991893
2991892
2991891
2991890
2991889
2991888
2991887
2991886
2991885
2991884
2991883
2991882
2991881
2991880
2991879
2991878
2991877
2991876
2991875
2991874
2991873
2991872
2991871
2991870
2991869
2991868
2991867
2991866
2991865
2991864
2991863
2991862
2991861
2991860
2991859
2991858
2991857
2991856
2991855
2991854
2991853
2991852
2991851
2991850
2991849
2991848
2991847
2991846
2991845
2991844
2991843
2991842
2991841
2991840
2991839
2991838
2991837
2991836
2991835
2991834
2991833
2991832
2991831
2991830
2991829
2991828
2991827
2991826
2991825
2991824
2991823
2991822
2991821
2991820
2991819
2991818
2991817
2991816
2991815
2991814
2991813
2991812
2991811
2991810
2991809
2991808
2991807
2991806
2991805
2991804
2991803
2991802
2991801
2991800
2991799
2991798
2991797
2991796
2991795
2991794
2991793
2991792
2991791
2991790
2991789
2991788
2991787
2991786
2991785
2991784
2991783
2991782
2991781
2991780
2991779
2991778
2991777
2991776
2991775
2991774
2991773
2991772
2991771
2991770
2991769
2991768
2991767
2991766
2991765
2991764
2991763
2991762
2991761
2991760
2991759
2991758
2991757
2991756
2991755
2991754
2991753
2991752
2991751
2991750
2991749
2991748
2991747
2991746
2991745
2991744
2991743
2991742
2991741
2991740
2991739
2991738
2991737
2991736
2991735
2991734
2991733
2991732
2991731
2991730
2991729
2991728
2991727
2991726
2991725
2991724
2991723
2991722
2991721
2991720
2991719
2991718
2991717
2991716
2991715
2991714
2991713
2991712
2991711
2991710
2991709
2991708
2991707
2991706
2991705
2991704
2991703
2991702
2991701
2991700
2991699
2991698
2991697
2991696
2991695
2991694
2991693
2991692
2991691
2991690
2991689
2991688
2991687
2991686
2991685
2991684
2991683
2991682
2991681
2991680
2991679
2991678
2991677
2991676
2991675
2991674
2991673
2991672
2991671
2991670
2991669
2991668
2991667
2991666
2991665
2991664
2991663
2991662
2991661
2991660
2991659
2991658
2991657
2991656
2991655
2991654
2991653
2991652
2991651
2991650
2991649
2991648
2991647
2991646
2991645
2991644
2991643
2991642
2991641
2991640
2991639
2991638
2991637
2991636
2991635
2991634
2991633
2991632
2991631
2991630
2991629
2991628
2991627
2991626
2991625
2991624
2991623
2991622
2991621
2991620
2991619
2991618
2991617
2991616
2991615
2991614
2991613
2991612
2991611
2991610
2991609
2991608
2991607
2991606
2991605
2991604
2991603
2991602
2991601
2991600
2991599
2991598
2991597
2991596
2991595
2991594
2991593
2991592
2991591
2991590
2991589
2991588
2991587
2991586
2991585
2991584
2991583
2991582
2991581
2991580
2991579
2991578
2991577
2991576
2991575
2991574
2991573
2991572
2991571
2991570
2991569
2991568
2991567
2991566
2991565
2991564
2991563
2991562
2991561
2991560
2991559
2991558
2991557
2991556
2991555
2991554
2991553
2991552
2991551
2991550
2991549
2991548
2991547
2991546
2991545
2991544
2991543
2991542
2991541
2991540
2991539
2991538
2991537
2991536
2991535
2991534
2991533
2991532
2991531
2991530
2991529
2991528
2991527
2991526
2991525
2991524
2991523
2991522
2991521
2991520
2991519
2991518
2991517
2991516
2991515
2991514
2991513
2991512
2991511
2991510
2991509
2991508
2991507
2991506
2991505
2991504
2991503
2991502
2991501
2991500
2991499
2991498
2991497
2991496
2991495
2991494
2991493
2991492
2991491
2991490
2991489
2991488
2991487
2991486
2991485
2991484
2991483
2991482
2991481
2991480
2991479
2991478
2991477
2991476
2991475
2991474
2991473
2991472
2991471
2991470
2991469
2991468
2991467
2991466
2991465
2991464
2991463
2991462
2991461
2991460
2991459
2991458
2991457
2991456
2991455
2991454
2991453
2991452
2991451
2991450
2991449
2991448
2991447
2991446
2991445
2991444
2991443
2991442
2991441
2991440
2991439
2991438
2991437
2991436
2991435
2991434
2991433
2991432
2991431
2991430
2991429
2991428
2991427
2991426
2991425
2991424
2991423
2991422
2991421
2991420
2991419
2991418
2991417
2991416
2991415
2991414
2991413
2991412
2991411
2991410
2991409
2991408
2991407
2991406
2991405
2991404
2991403
2991402
2991401
2991400
2991399
2991398
2991397
2991396
2991395
2991394
2991393
2991392
2991391
2991390
2991389
2991388
2991387
2991386
2991385
2991384
2991383
2991382
2991381
2991380
2991379
2991378
2991377
2991376
2991375
2991374
2991373
2991372
2991371
2991370
2991369
2991368
2991367
2991366
2991365
2991364
2991363
2991362
2991361
2991360
2991359
2991358
2991357
2991356
2991355
2991354
2991353
2991352
2991351
2991350
2991349
2991348
2991347
2991346
2991345
2991344
2991343
2991342
2991341
2991340
2991339
2991338
2991337
2991336
2991335
2991334
2991333
2991332
2991331
2991330
2991329
2991328
2991327
2991326
2991325
2991324
2991323
2991322
2991321
2991320
2991319
2991318
2991317
2991316
2991315
2991314
2991313
2991312
2991311
2991310
2991309
2991308
2991307
2991306
2991305
2991304
2991303
2991302
2991301
2991300
2991299
2991298
2991297
2991296
2991295
2991294
2991293
2991292
2991291
2991290
2991289
2991288
2991287
2991286
2991285
2991284
2991283
2991282
2991281
2991280
2991279
2991278
2991277
2991276
2991275
2991274
2991273
2991272
2991271
2991270
2991269
2991268
2991267
2991266
2991265
2991264
2991263
2991262
2991261
2991260
2991259
2991258
2991257
2991256
2991255
2991254
2991253
2991252
2991251
2991250
2991249
2991248
2991247
2991246
2991245
2991244
2991243
2991242
2991241
2991240
2991239
2991238
2991237
2991236
2991235
2991234
2991233
2991232
2991231
2991230
2991229
2991228
2991227
2991226
2991225
2991224
2991223
2991222
2991221
2991220
2991219
2991218
2991217
2991216
2991215
2991214
2991213
2991212
2991211
2991210
2991209
2991208
2991207
2991206
2991205
2991204
2991203
2991202
2991201
2991200
2991199
2991198
2991197
2991196
2991195
2991194
2991193
2991192
2991191
2991190
2991189
2991188
2991187
2991186
2991185
2991184
2991183
2991182
2991181
2991180
2991179
2991178
2991177
2991176
2991175
2991174
2991173
2991172
2991171
2991170
2991169
2991168
2991167
2991166
2991165
2991164
2991163
2991162
2991161
2991160
2991159
2991158
2991157
2991156
2991155
2991154
2991153
2991152
2991151
2991150
2991149
2991148
2991147
2991146
2991145
2991144
2991143
2991142
2991141
2991140
2991139
2991138
2991137
2991136
2991135
2991134
2991133
2991132
2991131
2991130
2991129
2991128
2991127
2991126
2991125
2991124
2991123
2991122
2991121
2991120
2991119
2991118
2991117
2991116
2991115
2991114
2991113
2991112
2991111
2991110
2991109
2991108
2991107
2991106
2991105
2991104
2991103
2991102
2991101
2991100
2991099
2991098
2991097
2991096
2991095
2991094
2991093
2991092
2991091
2991090
2991089
2991088
2991087
2991086
2991085
2991084
2991083
2991082
2991081
2991080
2991079
2991078
2991077
2991076
2991075
2991074
2991073
2991072
2991071
2991070
2991069
2991068
2991067
2991066
2991065
2991064
2991063
2991062
2991061
2991060
2991059
2991058
2991057
2991056
2991055
2991054
2991053
2991052
2991051
2991050
2991049
2991048
2991047
2991046
2991045
2991044
2991043
2991042
2991041
2991040
2991039
2991038
2991037
2991036
2991035
2991034
2991033
2991032
2991031
2991030
2991029
2991028
2991027
2991026
2991025
2991024
2991023
2991022
2991021
2991020
2991019
2991018
2991017
2991016
2991015
2991014
2991013
2991012
2991011
2991010
2991009
2991008
2991007
2991006
2991005
2991004
2991003
2991002
2991001
2991000
2990999
2990998
2990997
2990996
2990995
2990994
2990993
2990992
2990991
2990990
2990989
2990988
2990987
2990986
2990985
2990984
2990983
2990982
2990981
2990980
2990979
2990978
2990977
2990976
2990975
2990974
2990973
2990972
2990971
2990970
2990969
2990968
2990967
2990966
2990965
2990964
2990963
2990962
2990961
2990960
2990959
2990958
2990957
2990956
2990955
2990954
2990953
2990952
2990951
2990950
2990949
2990948
2990947
2990946
2990945
2990944
2990943
2990942
2990941
2990940
2990939
2990938
2990937
2990936
2990935
2990934
2990933
2990932
2990931
2990930
2990929
2990928
2990927
2990926
2990925
2990924
2990923
2990922
2990921
2990920
2990919
2990918
2990917
2990916
2990915
2990914
2990913
2990912
2990911
2990910
2990909
2990908
2990907
2990906
2990905
2990904
2990903
2990902
2990901
2990900
2990899
2990898
2990897
2990896
2990895
2990894
2990893
2990892
2990891
2990890
2990889
2990888
2990887
2990886
2990885
2990884
2990883
2990882
2990881
2990880
2990879
2990878
2990877
2990876
2990875
2990874
2990873
2990872
2990871
2990870
2990869
2990868
2990867
2990866
2990865
2990864
2990863
2990862
2990861
2990860
2990859
2990858
2990857
2990856
2990855
2990854
2990853
2990852
2990851
2990850
2990849
2990848
2990847
2990846
2990845
2990844
2990843
2990842
2990841
2990840
2990839
2990838
2990837
2990836
2990835
2990834
2990833
2990832
2990831
2990830
2990829
2990828
2990827
2990826
2990825
2990824
2990823
2990822
2990821
2990820
2990819
2990818
2990817
2990816
2990815
2990814
2990813
2990812
2990811
2990810
2990809
2990808
2990807
2990806
2990805
2990804
2990803
2990802
2990801
2990800
2990799
2990798
2990797
2990796
2990795
2990794
2990793
2990792
2990791
2990790
2990789
2990788
2990787
2990786
2990785
2990784
2990783
2990782
2990781
2990780
2990779
2990778
2990777
2990776
2990775
2990774
2990773
2990772
2990771
2990770
2990769
2990768
2990767
2990766
2990765
2990764
2990763
2990762
2990761
2990760
2990759
2990758
2990757
2990756
2990755
2990754
2990753
2990752
2990751
2990750
2990749
2990748
2990747
2990746
2990745
2990744
2990743
2990742
2990741
2990740
2990739
2990738
2990737
2990736
2990735
2990734
2990733
2990732
2990731
2990730
2990729
2990728
2990727
2990726
2990725
2990724
2990723
2990722
2990721
2990720
2990719
2990718
2990717
2990716
2990715
2990714
2990713
2990712
2990711
2990710
2990709
2990708
2990707
2990706
2990705
2990704
2990703
2990702
2990701
2990700
2990699
2990698
2990697
2990696
2990695
2990694
2990693
2990692
2990691
2990690
2990689
2990688
2990687
2990686
2990685
2990684
2990683
2990682
2990681
2990680
2990679
2990678
2990677
2990676
2990675
2990674
2990673
2990672
2990671
2990670
2990669
2990668
2990667
2990666
2990665
2990664
2990663
2990662
2990661
2990660
2990659
2990658
2990657
2990656
2990655
2990654
2990653
2990652
2990651
2990650
2990649
2990648
2990647
2990646
2990645
2990644
2990643
2990642
2990641
2990640
2990639
2990638
2990637
2990636
2990635
2990634
2990633
2990632
2990631
2990630
2990629
2990628
2990627
2990626
2990625
2990624
2990623
2990622
2990621
2990620
2990619
2990618
2990617
2990616
2990615
2990614
2990613
2990612
2990611
2990610
2990609
2990608
2990607
2990606
2990605
2990604
2990603
2990602
2990601
2990600
2990599
2990598
2990597
2990596
2990595
2990594
2990593
2990592
2990591
2990590
2990589
2990588
2990587
2990586
2990585
2990584
2990583
2990582
2990581
2990580
2990579
2990578
2990577
2990576
2990575
2990574
2990573
2990572
2990571
2990570
2990569
2990568
2990567
2990566
2990565
2990564
2990563
2990562
2990561
2990560
2990559
2990558
2990557
2990556
2990555
2990554
2990553
2990552
2990551
2990550
2990549
2990548
2990547
2990546
2990545
2990544
2990543
2990542
2990541
2990540
2990539
2990538
2990537
2990536
2990535
2990534
2990533
2990532
2990531
2990530
2990529
2990528
2990527
2990526
2990525
2990524
2990523
2990522
2990521
2990520
2990519
2990518
2990517
2990516
2990515
2990514
2990513
2990512
2990511
2990510
2990509
2990508
2990507
2990506
2990505
2990504
2990503
2990502
2990501
2990500
2990499
2990498
2990497
2990496
2990495
2990494
2990493
2990492
2990491
2990490
2990489
2990488
2990487
2990486
2990485
2990484
2990483
2990482
2990481
2990480
2990479
2990478
2990477
2990476
2990475
2990474
2990473
2990472
2990471
2990470
2990469
2990468
2990467
2990466
2990465
2990464
2990463
2990462
2990461
2990460
2990459
2990458
2990457
2990456
2990455
2990454
2990453
2990452
2990451
2990450
2990449
2990448
2990447
2990446
2990445
2990444
2990443
2990442
2990441
2990440
2990439
2990438
2990437
2990436
2990435
2990434
2990433
2990432
2990431
2990430
2990429
2990428
2990427
2990426
2990425
2990424
2990423
2990422
2990421
2990420
2990419
2990418
2990417
2990416
2990415
2990414
2990413
2990412
2990411
2990410
2990409
2990408
2990407
2990406
2990405
2990404
2990403
2990402
2990401
2990400
2990399
2990398
2990397
2990396
2990395
2990394
2990393
2990392
2990391
2990390
2990389
2990388
2990387
2990386
2990385
2990384
2990383
2990382
2990381
2990380
2990379
2990378
2990377
2990376
2990375
2990374
2990373
2990372
2990371
2990370
2990369
2990368
2990367
2990366
2990365
2990364
2990363
2990362
2990361
2990360
2990359
2990358
2990357
2990356
2990355
2990354
2990353
2990352
2990351
2990350
2990349
2990348
2990347
2990346
2990345
2990344
2990343
2990342
2990341
2990340
2990339
2990338
2990337
2990336
2990335
2990334
2990333
2990332
2990331
2990330
2990329
2990328
2990327
2990326
2990325
2990324
2990323
2990322
2990321
2990320
2990319
2990318
2990317
2990316
2990315
2990314
2990313
2990312
2990311
2990310
2990309
2990308
2990307
2990306
2990305
2990304
2990303
2990302
2990301
2990300
2990299
2990298
2990297
2990296
2990295
2990294
2990293
2990292
2990291
2990290
2990289
2990288
2990287
2990286
2990285
2990284
2990283
2990282
2990281
2990280
2990279
2990278
2990277
2990276
2990275
2990274
2990273
2990272
2990271
2990270
2990269
2990268
2990267
2990266
2990265
2990264
2990263
2990262
2990261
2990260
2990259
2990258
2990257
2990256
2990255
2990254
2990253
2990252
2990251
2990250
2990249
2990248
2990247
2990246
2990245
2990244
2990243
2990242
2990241
2990240
2990239
2990238
2990237
2990236
2990235
2990234
2990233
2990232
2990231
2990230
2990229
2990228
2990227
2990226
2990225
2990224
2990223
2990222
2990221
2990220
2990219
2990218
2990217
2990216
2990215
2990214
2990213
2990212
2990211
2990210
2990209
2990208
2990207
2990206
2990205
2990204
2990203
2990202
2990201
2990200
2990199
2990198
2990197
2990196
2990195
2990194
2990193
2990192
2990191
2990190
2990189
2990188
2990187
2990186
2990185
2990184
2990183
2990182
2990181
2990180
2990179
2990178
2990177
2990176
2990175
2990174
2990173
2990172
2990171
2990170
2990169
2990168
2990167
2990166
2990165
2990164
2990163
2990162
2990161
2990160
2990159
2990158
2990157
2990156
2990155
2990154
2990153
2990152
2990151
2990150
2990149
2990148
2990147
2990146
2990145
2990144
2990143
2990142
2990141
2990140
2990139
2990138
2990137
2990136
2990135
2990134
2990133
2990132
2990131
2990130
2990129
2990128
2990127
2990126
2990125
2990124
2990123
2990122
2990121
2990120
2990119
2990118
2990117
2990116
2990115
2990114
2990113
2990112
2990111
2990110
2990109
2990108
2990107
2990106
2990105
2990104
2990103
2990102
2990101
2990100
2990099
2990098
2990097
2990096
2990095
2990094
2990093
2990092
2990091
2990090
2990089
2990088
2990087
2990086
2990085
2990084
2990083
2990082
2990081
2990080
2990079
2990078
2990077
2990076
2990075
2990074
2990073
2990072
2990071
2990070
2990069
2990068
2990067
2990066
2990065
2990064
2990063
2990062
2990061
2990060
2990059
2990058
2990057
2990056
2990055
2990054
2990053
2990052
2990051
2990050
2990049
2990048
2990047
2990046
2990045
2990044
2990043
2990042
2990041
2990040
2990039
2990038
2990037
2990036
2990035
2990034
2990033
2990032
2990031
2990030
2990029
2990028
2990027
2990026
2990025
2990024
2990023
2990022
2990021
2990020
2990019
2990018
2990017
2990016
2990015
2990014
2990013
2990012
2990011
2990010
2990009
2990008
2990007
2990006
2990005
2990004
2990003
2990002
2990001
