95588
46120
29390
91323
85363
7140
34988
93966
50132
11474
41040
99373
91117
97274
31433
8402
7850
85710
83163
74831
91751
83658
75671
7348
61785
34135
5122
61552
27934
74575
90822
99963
9600
11665
63327
52624
19580
82213
7698
48135
32579
94715
50867
4865
97416
93361
50560
91820
47697
32015
27044
90189
23893
50341
30860
45738
80717
57415
7637
8540
6336
45434
65895
61811
8959
9139
31027
87662
2484
65550
23260
15616
3490
49568
5979
44737
52808
72122
37957
34826
21419
73531
94323
52910
84496
71799
50162
1692
1565
59279
56864
20141
13893
63942
6055
33424
44771
25678
33639
27793
41268
1857
63388
32976
46195
61291
61740
61680
45264
76361
49243
73250
67432
29124
15198
30626
18950
13857
32569
45179
47696
21283
77169
26357
97885
54741
57246
61929
25997
45859
3353
32204
97451
60550
49516
38558
57674
36443
666
32486
54910
24666
45119
40779
3441
83779
60645
63003
59616
7364
69058
41651
12201
13234
19717
11536
70350
15611
74484
96153
4127
60035
19418
58613
28590
32917
97780
17644
15836
88046
26489
38410
54618
16967
81604
60064
5833
80689
43137
57274
8002
4445
42933
75378
15130
10689
98579
42780
38379
76394
66337
15126
59535
53639
43182
88220
5506
21939
26719
32919
78383
62297
30677
15301
35277
2240
37292
11269
92554
12813
63131
25964
15618
11318
72799
43976
4698
32984
5
56322
30793
46586
36082
25956
61243
44613
59907
13187
43815
52408
63547
86233
7901
50572
29212
10912
54449
373
69509
3580
31479
66601
35427
49309
50428
76859
19840
95749
76993
45747
67663
85229
26778
72164
73627
31869
22208
17759
29409
20625
27533
3911
28506
13185
72229
2975
96029
66725
67778
77399
90300
16005
39433
33342
98536
66330
41629
79932
64508
80437
58093
7690
34357
87977
78134
6271
72856
43004
81631
4654
94363
37138
62061
18913
42432
11926
9778
23507
52921
12302
61620
89415
52561
8564
80333
62937
17680
49024
37850
54127
92136
65865
19416
86651
81030
12473
37840
36215
88329
23844
38832
1807
1726
84720
10551
12770
33510
23806
6831
41122
36046
2410
11380
8861
18964
37605
2021
59504
57029
64121
85107
64293
64821
72694
32390
55767
3884
74771
393
21050
70556
39830
42172
5615
47643
48677
5093
38547
4808
74607
71200
88387
94071
45031
83426
83246
96061
91471
37207
57815
30779
45176
70833
29490
27760
74104
21444
73173
10086
56241
48369
73755
93275
66791
2437
18827
61990
3213
43007
46942
47386
98002
80099
90898
28860
53348
3790
54478
50789
53673
81845
76946
31398
15539
43923
68172
43943
11674
5147
49577
7639
2902
56983
51372
87907
65260
46019
69134
65982
35068
81730
76650
67535
65607
86101
4387
9658
56971
38760
90175
26434
22509
10166
19048
3135
28671
63621
90284
56798
82077
15749
77755
45814
51006
26305
31977
48619
18712
90691
8001
32067
70357
38111
41552
74876
81391
40492
24784
22370
39440
57089
73160
45027
53617
35969
46450
40871
71843
12703
17953
52853
69725
67213
62722
73693
91338
14128
12506
75060
56344
31645
23821
2907
2229
7702
54151
49626
34757
19073
1923
11433
4156
34993
47527
28810
55157
69505
65503
64854
23249
79143
54044
14108
79294
29649
25260
60660
2995
53777
49689
9083
16122
90436
4615
40660
25675
58943
92904
9900
9697
35584
42411
13695
7789
66572
60321
54166
71208
76781
69793
42022
52118
62723
2774
17563
10157
73884
64476
44243
84801
83448
68584
56296
77751
95159
23154
24632
8184
39214
52344
46545
33325
85650
14755
92211
34714
41604
90705
97995
76462
85611
76657
58480
7258
91761
17400
74630
8191
83012
85542
71016
35146
50365
37585
62220
2323
23949
50093
8154
66092
75562
15603
49424
19639
37679
18186
78875
40160
63991
10977
53885
83218
34001
3723
63889
40515
36743
42770
32026
24502
52208
17897
78882
26409
74817
50557
4129
97514
67021
28240
45301
98467
53298
94746
59508
4533
28812
79175
57458
71279
14985
61081
72641
50192
24833
10559
3359
31540
74717
6619
34886
22723
62826
4364
44080
4087
31292
76363
98421
92175
71837
88423
84188
63345
30108
18021
38992
73015
6978
19730
77314
20601
73041
40457
43550
33086
86253
71896
24236
1291
9491
16822
91587
98602
26555
30077
10302
24493
2985
39469
90347
30520
42477
56481
5914
38961
10218
16024
93342
92630
7566
74142
54657
81366
88386
85815
4565
5439
1104
2673
65606
83445
70854
9537
73222
2544
31425
63015
81452
90318
75062
83615
19052
92492
48714
85098
15267
31282
91826
92471
43067
73944
47591
71457
79798
90235
60824
53372
53812
27261
49099
19917
76978
99670
58487
33747
16944
30719
18716
76276
93076
70826
63639
85111
98441
21908
35279
33927
33433
77583
95025
31616
25321
37617
93145
11286
15024
6719
64723
4077
78584
30370
98798
67730
21048
1287
87867
44930
4798
37691
61593
86819
50990
9059
57590
71412
14209
43285
79232
43891
290
36110
69671
88539
59260
88464
54759
40328
37037
85253
94603
18976
89833
74448
90717
20688
18961
46537
53603
42627
39150
8087
37842
80079
33426
48812
47406
10748
44375
61932
80967
63310
7592
70797
1452
3192
30692
27239
31166
77857
51830
22097
68817
55733
33720
78069
51195
32571
12279
28924
66443
51929
95208
55440
17321
82411
38022
61143
50625
2213
8447
95005
15634
39956
99281
88705
97294
67363
47231
17704
69554
19093
38744
709
50363
21233
75916
53339
97687
88562
35763
85496
96919
60369
9870
11363
9941
6401
38441
91650
9102
62077
19340
10745
42333
66689
39672
6473
15741
61335
31890
16099
15865
6445
81665
85352
8749
65186
11147
62916
33332
84931
39050
34043
79368
16678
85675
17812
29439
26532
82653
65587
57526
21148
29904
27408
7756
23943
33633
49278
28774
72872
9540
53171
64267
52998
4098
29864
36202
47534
50455
82772
12347
34049
78222
90264
10215
84769
42361
13264
13181
66773
26246
74122
84239
9743
33012
32183
2602
70562
20340
62909
73842
5968
44347
60842
3905
54985
57584
10738
39266
70711
60420
41807
10619
27691
28387
47429
65781
49825
1752
27004
79338
6714
19519
22796
4086
66695
82806
81923
70029
78043
17813
74517
1511
25527
20419
26266
90542
27647
56104
17055
62523
64731
65832
49687
46803
69704
50396
2311
87194
92658
70094
91902
29154
2953
14475
21086
26777
6337
6024
43316
75225
96054
41957
8842
39904
43313
33834
37062
51515
23681
73489
81967
93066
76128
48996
55462
10655
3320
32287
13924
32838
4013
85822
33106
15586
62938
67492
18225
7109
72726
93494
97566
24625
6993
46189
13906
70171
92259
21202
68892
96783
62823
62087
70942
92548
64324
42702
47758
39682
68866
50780
90020
12259
15487
28282
73821
13175
93864
50481
51637
81154
37777
65069
68598
7427
45598
13068
68704
91857
13463
33527
22821
28919
11172
47765
2675
96342
81797
52264
64093
12638
42302
27256
38610
41429
80256
56279
89868
68286
49300
75201
50069
14142
48609
41530
85935
3463
78932
53723
95802
58049
54370
51343
11580
78113
43716
57521
74252
10988
20096
49317
24110
53264
30595
5350
41748
8839
60954
60312
55703
13582
64830
78822
4431
19331
17634
46691
81249
5674
21864
73168
94978
96294
57938
15214
29445
36187
61873
52447
57870
53694
37937
87004
54254
79697
83671
8928
95619
10234
46423
48814
80948
12974
8742
43098
9738
46393
33453
31971
10626
37909
30082
5905
44018
78627
32979
54626
62786
78260
94659
79070
81792
31189
13525
85163
75274
5287
2926
57007
37559
57168
59910
88311
56151
56503
92022
35343
4655
36833
91349
24238
15180
77892
70901
9444
35495
69549
29614
10562
43417
71201
61388
64503
35596
5109
94740
49968
44563
84808
4642
22337
45061
45230
21989
70451
67592
30155
76411
95369
98064
99772
3931
31013
13483
48220
93515
9984
79768
92081
11659
79176
60573
46592
84062
44998
2886
44919
54710
2395
51452
39450
12262
50796
42997
7475
97021
32943
31634
30881
70622
92542
59539
3118
32092
23022
85774
6381
32456
89923
90032
17838
53144
93918
28087
14581
36381
76663
23658
94534
35781
4243
36906
86783
92863
61985
11432
34241
69989
20429
76181
37423
62222
89698
85738
23963
93578
24483
94658
41960
2103
39603
6952
5963
27512
85257
736
30254
68155
36098
54442
38701
75651
56919
75896
762
92244
32218
21258
25129
54746
35863
42084
61362
11322
32686
67372
13399
12722
48964
57851
230
34501
48725
26579
1314
2831
22009
6020
40756
43303
89188
17696
30407
16739
57598
25026
30981
93207
37225
73033
62846
73921
14987
82847
58404
57944
87314
25259
9726
65426
44116
46228
18434
10509
43671
51180
35482
42817
92212
51383
59578
44846
58469
49102
52230
74402
61900
68865
82517
84042
66110
96412
63638
8141
85138
6603
54431
79242
60443
31401
69027
94351
11302
10057
37623
27040
18572
76933
78892
16195
82770
35523
37983
6371
96172
82809
41709
8324
19567
19590
10388
40840
29543
92981
2623
12726
453
36943
96872
65517
35044
64282
9942
83868
84361
38288
88008
60539
72477
55273
5450
52190
26744
93740
82562
15858
96361
13466
1507
82202
45239
61831
55115
84687
37350
25007
95303
52067
14641
77210
96957
1612
68830
66852
93781
56679
20562
92335
50423
39386
15483
71452
52292
25160
20986
25807
71305
94091
48473
21799
80529
47795
59121
23870
74920
34374
42802
69798
26674
39626
51963
89978
22191
6999
48143
95930
7945
38002
55762
72761
65960
36055
11148
30631
93726
89599
1985
37127
3489
38715
97151
47011
92062
82123
25650
5353
88691
1028
66969
10978
84335
584
17507
73140
15193
66880
73749
97807
25993
14860
70787
21374
62399
21697
24452
41535
42887
17880
16145
63811
92314
38763
94551
16969
59443
16742
83014
1687
8600
68129
62694
59796
58591
21364
2406
93652
35676
38826
45344
68770
57771
76286
5578
65634
84105
97347
49422
46793
47711
95724
66166
9007
21399
78809
72247
95026
81096
30282
97627
17268
71437
85398
682
75516
92249
7100
29962
65305
33356
39910
66746
81798
13762
74656
2070
10786
31071
3253
39540
22612
2203
95942
52199
10844
81506
29337
32299
62741
31230
20393
63792
26135
67659
73206
12464
68356
14695
96136
69499
69808
27484
33352
99862
80199
35761
17394
21669
77614
97967
46781
3242
70602
20691
58416
6178
26952
39522
340
81642
81329
50277
14459
23187
26894
7781
88092
63452
94109
34462
61849
20093
40707
35860
74103
75643
39900
63231
51948
57535
98980
82988
6214
44109
44424
52070
53346
61481
11379
84052
89995
3764
55765
44153
84963
36209
46453
18119
48241
20501
1679
11721
65981
11252
12869
27507
57066
94020
52518
43693
34171
26954
74840
82137
60465
64280
33052
74384
84051
8918
58663
2728
7469
95591
48803
70593
94529
85370
75586
6245
38911
84970
2670
12864
54752
22892
26711
83401
93860
53774
55142
69811
28306
27487
30242
46060
63475
10632
40361
1883
96861
8669
3632
54672
7938
18580
71880
30526
73257
13896
98624
82768
43433
65635
19088
14293
14318
13406
61283
3203
25975
86592
1613
23481
10081
85275
48356
83137
86773
31326
83944
48060
84312
45327
22288
49753
2729
61631
10849
1887
13321
29167
71887
44572
20885
37487
69215
9027
70177
38407
6398
86018
28159
54394
19645
60760
38015
46140
2091
30364
64277
15982
40683
89911
51299
73586
59039
52631
84517
76777
54368
64547
64973
36173
51431
53197
90067
49546
86667
82963
44189
59520
89376
11016
2003
55660
35496
15881
19779
28755
54533
68322
38036
22029
46893
72217
5274
51151
90361
5596
90729
45713
57049
93593
42246
37241
15960
59371
24839
42268
42064
11059
50931
60516
95213
89795
3877
30203
50106
427
77757
76318
9683
2151
5281
11600
69736
10337
1819
38434
73232
8955
44158
31126
40786
6948
10756
15625
77995
8592
1430
60674
49110
68539
88801
66792
19261
74698
73794
17218
62934
54207
53045
30133
15405
72459
84706
7135
93412
10169
53730
76812
81673
94756
35954
10307
42475
78206
73607
75454
34900
8244
75578
6096
86554
69109
1228
12530
10123
74385
21689
40953
4953
92849
31156
26637
91490
16705
26234
10199
3656
44841
47404
65902
33288
18938
53152
98603
81948
49948
76036
4121
71651
46248
5746
5529
70317
11819
29316
69971
108
12079
80499
31838
85439
41975
76748
77100
4438
13646
12381
55884
70339
84416
29746
56844
43636
13573
45268
41558
49539
50329
11622
47300
64702
37607
4645
65833
80481
30561
92420
750
32637
15353
2057
23362
81826
19869
4951
600
32441
55008
2463
37912
25746
90419
41014
19145
12692
82835
56385
30300
59183
27611
16421
36305
49308
50827
18704
61722
34746
22858
24700
91371
20999
64039
23942
13138
72343
10384
91661
41259
39833
73620
87055
17497
52735
74856
35402
74750
38494
13579
84919
31251
44965
78980
18817
85992
537
98635
94094
742
23612
18500
21546
77842
65174
53722
73262
52397
77455
9299
27149
86619
8027
19815
74475
55868
5476
55857
80398
8282
31711
42694
59701
8845
3381
9163
67530
47750
30908
91813
26945
54870
74879
48169
10043
3396
31331
9804
11386
28209
34335
39057
65171
18414
61080
13010
30552
14821
27538
23800
7648
18220
38014
45950
19539
325
5444
38395
28557
10098
13392
44120
21392
12244
70634
23114
45729
11722
31531
23090
64162
69929
47417
51173
9001
36999
76479
64642
85168
61261
2685
23498
17408
21663
33010
15641
45750
67868
32003
48816
82052
35726
27431
6662
65458
86017
16593
11215
71863
85620
43656
23647
40554
48323
61077
26474
49152
60646
88347
81416
57748
57086
1443
88682
24563
94954
49219
51345
42620
25380
28463
21622
97052
84863
26577
87111
33447
75142
67126
66992
14761
51229
4179
42537
11056
9721
52015
1928
32234
41487
15089
76185
15489
97666
55422
38847
91240
91718
88766
28795
84550
97665
30122
62378
17413
95844
4383
22267
75591
2473
22089
21555
12635
79559
41483
62743
12629
93401
95309
25748
6407
70582
28765
1226
15662
6225
13141
99148
20312
64905
89678
47438
15995
46501
12059
71933
35707
64669
75875
52080
40979
71644
9224
50333
96792
22222
61686
4062
78479
90089
70300
53801
47154
29622
35649
62518
18365
93095
2420
46855
43472
95068
33556
64041
63661
73792
91018
32856
3431
22017
45389
77461
52222
50003
15576
94506
33117
35595
19810
78007
68723
71010
87741
70763
98521
66070
5999
37270
19463
50910
189
79979
20196
72509
9963
58867
6742
21552
2972
42345
72410
73477
9538
75076
88508
2783
57918
64105
12714
34706
1825
33693
2201
29350
81868
32545
23225
17718
17665
13128
41699
58009
89210
18472
64935
69544
18359
77327
33108
88623
4078
5769
98303
85853
15295
11062
98506
6712
97788
48657
11862
37394
15737
50829
38626
56532
86751
99639
35321
90751
55967
44973
9521
80169
1147
62357
70754
2507
49652
29151
68697
69566
17773
61653
12720
35641
55318
86180
99497
47348
3035
86099
65570
36341
98286
23108
52906
49873
36940
44594
54455
10590
9920
40336
32940
32636
88814
38770
80934
98278
2333
73445
25195
63993
84483
50357
56776
11508
22299
40534
34199
75944
11464
1665
5916
15465
11527
67129
11756
6404
86355
29376
21386
18391
13670
25186
20698
62137
44800
85235
80370
19260
45170
58787
45040
11051
73976
61980
22279
45443
44980
27683
12776
3811
28149
22561
3707
5253
91837
90628
89711
15087
80666
89142
72828
32293
60472
82481
86513
66983
67783
13630
88406
3607
14969
21490
74543
9022
12040
11894
25707
60477
31175
75152
902
49220
76701
65556
35888
24526
83920
47763
53254
98758
84547
10624
65324
18921
32808
4482
18795
4144
31597
45124
92956
39126
56315
81089
67752
24243
41348
33410
13992
27732
56511
70013
33929
98586
39397
32381
51310
5232
38005
22461
8838
82113
96640
72135
5077
59364
74542
42000
51940
81700
36067
84915
54128
13524
58803
41279
76604
71515
66042
72609
18999
16318
87893
24690
67601
19588
27997
55192
20425
3913
49615
72909
42010
10532
41209
90733
7121
29708
85463
97785
9272
29484
11940
7519
25884
63574
24093
85230
36411
90605
21641
55333
43049
14026
68232
22202
9284
43875
72875
72813
3245
37006
78546
55280
43848
49265
31219
36495
51820
25520
14840
61889
30452
2883
6563
39080
58796
49168
34073
58464
10799
40497
64289
23578
36821
7236
8584
74316
73682
73113
97499
27959
16078
64262
52938
28321
97874
41101
35323
99218
3765
89542
50604
64097
413
92886
49224
99017
38776
97155
66077
65930
19298
79595
19913
11142
38741
19481
2644
25465
62572
57575
44472
98746
31724
86897
4781
19098
14623
56040
91046
84340
1266
57193
6602
48496
85078
22352
8092
30040
24179
72980
14913
63677
80864
90161
6699
53916
36454
50697
6505
14105
91275
35527
18727
58514
50703
45508
41031
63414
78168
25065
30415
5903
55156
36362
37652
33303
24313
28393
59685
31346
54372
44311
33341
93747
72276
30413
41606
77834
21257
89312
57609
39892
43377
96785
95577
34562
74319
12945
14298
92108
94969
51810
38222
73594
96227
58887
9375
4109
99644
2520
59699
81540
75146
22742
53303
13728
53952
44627
86473
37079
73539
73307
20839
89093
84498
12374
81278
70779
38822
46073
39605
79868
41349
84299
40354
15213
14772
50894
67243
66997
65221
88812
20531
10440
12878
30107
1949
87215
52767
62824
27063
26938
9390
75186
83776
95712
59878
78109
45591
31269
33264
88257
78886
83972
8064
32347
42556
3094
14896
69501
17289
95799
33991
4553
5847
67060
48700
46623
38289
41597
84653
50556
63985
34895
33137
27047
37546
99988
99449
59972
90926
40009
4993
66919
15927
75365
268
20404
85279
93572
29292
69778
44068
70150
33953
78576
25468
28456
9573
45903
33947
82003
34127
97236
45596
8977
92569
63672
99680
43443
4670
72606
500
18108
81555
9748
63155
61139
90793
68702
31374
36738
69911
31646
84161
31808
89987
29882
51038
20583
65424
42236
77279
32753
58513
2053
91075
73199
29458
26848
18408
42685
79271
21193
28675
8789
29197
67077
68253
26108
83792
15120
78515
58010
74141
29773
16797
86999
13738
47337
58441
7335
13649
58755
88291
74774
33191
38405
78468
16422
68207
79301
28043
12594
26081
52702
31489
79485
8759
95471
36805
3011
8432
26229
21282
816
40239
12863
6087
44801
56141
39294
82702
49533
70939
16412
98109
18075
61501
98512
96450
69780
12051
52498
85178
43209
24111
485
31448
26785
49714
28176
43402
26667
52481
4583
50256
75261
73985
13211
16359
6560
6251
68815
28329
33464
75127
92860
48895
47394
3401
86727
51745
67741
42320
48017
72354
96796
57071
77237
7681
60597
11498
69094
47603
61725
18047
45909
90171
71558
64911
87500
16190
80413
16964
92306
1386
27084
9824
31051
52886
5333
26013
20305
39042
42915
28609
23409
13514
15367
11468
68589
75369
37517
68927
14770
90254
74524
65564
45624
36327
67255
20012
82624
65918
75506
20668
48968
71043
47039
5500
20437
12724
58527
21630
70484
3220
81857
27081
19194
51854
36831
87169
67250
90102
65293
65792
39048
65880
18541
27900
17501
71858
98466
21180
2152
94973
83952
56652
47942
31705
59536
79387
50730
58536
30523
70288
59197
49322
40423
43302
27325
49676
28218
6926
10045
93912
38862
52860
11673
27319
20945
98433
8721
65063
51938
76906
22610
25385
83953
98234
34294
11533
53713
13469
78127
87508
46274
34882
15779
58952
16735
47644
11297
48440
40846
68080
64497
452
26422
73109
96912
43541
86777
39167
44916
83225
74644
59893
66955
84935
90388
77132
89762
47418
12265
3411
98780
80553
79586
30210
20900
88394
15816
43602
29963
14011
53356
86454
77967
18004
32315
50037
17508
16818
15076
51856
38156
30043
19138
7554
63055
57682
42136
69796
16590
52996
44640
42580
28818
37855
77152
73420
56108
85152
53581
52694
54446
42703
1992
40505
26819
32662
56714
35243
56769
67557
22786
9791
17165
83377
63866
37862
77555
11739
56456
61464
3276
89666
74140
65331
78754
14053
31941
28974
47055
12146
75425
51266
14055
89796
59628
31383
22266
86899
62475
43307
37938
89121
64551
1051
86094
28457
38175
39876
87094
54057
44561
34973
73367
75271
97866
27435
46656
36690
66378
15710
87019
25893
35792
69528
80380
28183
34683
64198
97839
64469
45803
1920
27976
85642
31347
53979
1433
18258
55299
6082
67258
77569
76938
30386
32126
48229
64721
52405
85306
39461
42290
44573
57311
70959
80073
88245
84969
58870
83313
96201
66339
25879
36487
23019
57121
97000
17220
58751
28603
27810
17612
51499
93843
68520
35852
59589
60870
51443
69747
57240
91151
55181
64392
56341
90291
78513
92329
55365
12234
24913
76704
39447
6010
70649
68266
55835
54946
43467
93786
27222
54415
91009
78409
33222
54438
67478
44505
83889
93467
93358
35610
20198
80224
96572
40768
6431
44036
2693
60326
11730
4726
99142
99757
58277
81483
83551
34914
21852
5811
82742
78215
83676
54331
5778
48932
12599
614
17988
46561
75196
15686
64490
42173
19302
60201
17137
29054
73416
93891
71766
11556
46342
78990
17148
80898
63371
27912
34153
85676
30916
74549
74956
34141
77714
79981
62236
45310
95817
39630
5269
38965
26925
59323
61223
12011
30209
18781
38591
44667
74349
47257
91739
3526
20663
19677
24536
4646
95505
36172
23733
27820
82487
56649
51595
48200
22820
12981
82006
75797
45840
23082
46717
18019
65214
83287
36040
24633
63667
5460
86020
14310
57570
815
60898
54007
32809
41943
19821
10971
34876
28846
3301
26100
70800
51824
71309
13360
67232
41190
86573
46126
56035
29423
24921
80464
14998
66199
54083
786
77
44168
14740
23662
79594
2301
62342
42017
79998
80818
86049
8683
57110
24466
51311
11074
25962
27007
80095
13834
28341
5997
48623
56450
23458
5555
86677
37759
59561
32352
39420
62373
29884
52377
18535
52147
10049
43720
94647
4485
86489
78547
39820
12390
10091
9710
88102
53432
38255
53619
24756
26966
58150
7392
87626
18769
35206
44810
19269
13722
74386
66146
44279
48157
7913
45048
11153
52945
61869
43011
21577
62593
45224
33243
32949
56308
31124
30962
957
81108
19822
54385
49979
70871
10834
23839
63747
33923
55493
34490
93138
79488
94731
28798
40295
27035
52253
42456
47311
1360
61905
84162
4853
66377
30015
19632
62649
34600
28899
12817
10438
78368
80788
84053
31987
26177
56478
83703
10569
25570
41500
99479
39901
45910
52448
74001
72924
67748
27833
22886
43283
65787
57737
51678
61642
92033
10821
25584
86885
77747
10354
86476
33310
96059
32272
32073
65632
32778
8728
64977
78302
74227
14912
77161
82831
19090
48078
3784
19056
95969
93893
2217
12547
10112
67925
14872
35632
35213
5539
71056
65780
60959
18814
20514
99936
74666
17816
30542
98339
62668
28870
50015
71576
85489
54135
43951
28751
6367
57924
5016
30486
20930
10764
85740
94073
27634
20572
1307
23345
64211
58483
11831
79077
17333
14844
49126
1279
48412
64519
75205
49385
37749
38187
6907
17535
25235
80461
34190
30655
51129
30258
52006
24276
99088
1407
51199
29111
79191
28401
9985
95066
65525
31007
54653
60863
83564
37288
30045
71114
5158
71366
10792
10248
47131
24872
7565
27794
65778
23061
78476
60940
21138
55361
26622
13533
29747
25430
13014
95041
41894
71103
10972
49894
60444
88077
43782
31657
16879
30662
64396
4313
56370
24020
5641
66308
2214
91679
2711
52195
68215
88903
40723
94719
48629
72630
25156
8038
66900
18423
2935
91640
6093
45890
15189
65648
54835
53039
10523
57901
38833
17745
42594
54780
83921
43258
81968
21723
46646
16174
17562
75842
33152
26937
84587
73413
92734
72688
84755
45250
9116
39318
34785
95128
7937
4701
22921
42527
99363
66785
4409
53642
10915
47210
98194
54651
39092
80010
27147
34514
19630
3149
99910
49432
92517
43158
75026
54908
5367
59100
88975
13934
74135
37865
19844
29536
3568
95141
6425
20399
30260
17672
58187
70064
25437
97153
37249
19657
85808
34424
19504
31950
34713
4376
30550
31101
38397
80518
46225
87738
87874
15807
68508
28927
70679
36135
4624
9699
99294
37684
58958
86324
2513
7268
34750
25137
9973
34375
15201
84846
89322
98111
35165
38710
1451
44607
96527
8543
39311
53731
15497
71720
46309
66338
37982
46880
17551
46614
46882
35291
29318
47119
16849
76160
39331
15901
76960
96735
51463
15060
17971
15511
58759
64576
40835
41230
56155
21218
37259
32483
4590
54574
81432
78543
73930
5188
90242
10115
59368
713
33113
35436
72830
84971
56834
18343
72960
12920
48835
66513
57456
4141
46536
83644
64009
67732
29257
17620
2421
34352
51481
5227
13998
43385
2283
11777
27107
19106
19168
72970
45248
92168
27337
94078
81828
3215
16346
24635
14595
49268
19167
94531
55574
16612
16228
51501
28016
39881
58969
92763
71538
63771
38423
97787
52904
37885
1518
37174
51294
33995
76920
19675
73874
6112
52532
44313
66801
66298
17487
85764
25859
4101
829
5745
17358
30268
67626
96806
67847
47918
54567
38687
62974
36062
62022
13842
8385
41278
48586
69529
37146
31903
55987
24186
50788
87177
59993
81865
17874
11863
82376
15864
49275
47699
72103
35829
33438
92371
18815
58408
42447
4725
38519
54443
1997
38634
8134
53901
25149
27303
54038
1704
9569
10028
9506
87269
47071
9352
9654
28442
81234
31410
54593
93599
56951
78718
87108
36089
15784
29403
46022
4441
2127
21267
31162
71015
70938
20070
17899
28440
19516
87140
23722
41547
9925
31661
93434
73969
69256
17517
24640
46571
71386
60989
13349
5545
29987
27583
2025
60092
78971
73332
81317
51864
16199
55992
58117
86836
84360
57843
79282
12886
62328
68021
55438
57671
95881
92704
72139
56278
15357
54931
18566
59108
32020
66361
32263
95338
36546
98074
98947
38495
75519
89899
16255
48038
33488
5485
13993
69064
11803
57123
51558
38482
66704
36477
27690
46317
78502
39916
15911
59065
91869
26383
21140
87601
10580
36300
60727
16175
22374
34113
88173
99084
14362
77402
20599
27585
21683
19596
16506
82030
41273
27944
56064
36803
57488
24894
89936
8555
64024
35013
745
22627
68664
43711
67693
99306
20817
23469
55255
61271
28261
7356
61868
3307
69172
30518
21754
26334
4684
68398
61648
27227
38172
40827
17924
17911
69716
55806
67207
74362
3393
17684
25164
79741
73116
68141
59801
93938
73046
73018
70348
12881
88929
8382
58158
24060
40747
3025
19916
47573
64887
31023
56934
94146
347
31421
67811
27454
81984
5690
67930
10219
45779
74053
12598
58588
35526
91768
66967
17355
49671
91321
63980
38123
70034
40917
1664
83376
29127
39769
97987
48171
228
47197
13942
66874
24793
50097
11504
25788
11808
58598
2920
50544
5301
87053
42099
45791
76840
12323
34647
22666
30492
42041
51254
36158
18587
97953
35570
60270
61761
22087
80220
98499
75929
44188
68264
4414
62695
61156
17926
5974
80534
79794
47567
3969
48314
18087
64290
60208
60614
56507
29892
37830
45335
75564
34181
52732
11000
57759
15826
41793
23147
94265
7110
83112
38745
5469
53018
17981
4535
30360
26922
11636
27056
13250
70627
67910
46038
75847
42725
98743
8174
99517
41992
15905
36126
9417
13538
38871
21721
18940
68568
2581
70240
90458
7879
35747
64719
28733
89955
39561
16035
7953
53145
70646
99390
78753
59809
85060
73412
8359
77579
20926
36871
11966
77601
35778
29947
7294
60766
93745
89751
31486
88268
52313
95682
61458
32736
62412
4068
73834
32851
16117
22572
87106
78710
8655
45033
91984
10409
19608
6548
64279
45076
53780
76692
40714
79625
17890
18272
58937
37952
47981
60390
39638
34685
24007
2259
17297
71943
35466
58632
60738
14235
65145
29562
76405
123
24788
4408
38230
49812
13416
44951
51893
2798
83637
57845
14817
88918
65054
70137
88288
27540
53967
77305
61596
4559
89232
61168
23232
52730
23838
51997
33015
75917
59297
74634
94811
10858
76021
6011
59922
15646
78922
54942
86800
92120
95490
22613
74941
49345
98721
36058
40259
9309
11130
66499
72249
30318
43987
89638
30544
6627
33605
48782
25968
66756
63190
48486
64566
99690
1457
35944
5304
16647
95364
92088
29741
31776
71476
64393
35018
25240
52469
93955
19263
11355
63377
12958
99802
86530
31708
8124
95522
88367
6090
95484
67918
42872
48527
16729
2230
69261
91970
33531
80526
37848
37740
21104
9032
4578
99031
90142
70040
95512
39658
7765
37978
63610
55373
63225
60452
34175
19847
23517
82861
80561
17832
43785
98990
67954
78085
83357
40503
31929
39262
78312
31541
19817
89846
80266
4851
54689
5045
46612
68307
73265
69785
2511
50613
56432
10823
51581
24718
47769
14835
27805
91389
83281
18485
50820
96243
67167
42767
20726
25972
64945
79011
23348
54031
23971
38797
4812
85716
19309
45864
96646
35268
83876
73879
34744
84869
67009
14359
79721
38861
46647
82462
96270
3125
168
73877
52993
95955
10941
72169
11047
54775
40334
88833
2550
8579
86633
87016
39148
91201
88142
9148
96088
20912
74635
13062
57114
4157
97467
32804
2785
86287
98217
34522
55018
7700
29537
9584
59770
18014
3152
13653
14777
2403
87955
21708
4724
8893
25187
37915
96687
9510
64706
7819
10034
41336
58388
94652
73856
5677
27196
26809
2348
21929
41335
13935
7928
28161
31893
24350
72157
83375
7239
70170
94523
30586
11143
89644
27762
31933
65085
23146
62055
53447
87773
92286
35760
462
39130
36272
54717
92671
30359
15038
64499
62902
52428
19160
66023
40138
33094
9231
74083
79644
11222
94939
36493
56261
52355
61641
60268
61643
25959
17956
95573
3984
7776
49879
23032
6310
63047
50373
47366
41074
42773
12495
18017
54214
79545
33716
55542
28167
85082
8294
28684
42072
71421
31790
526
29136
30717
47001
37492
10278
87085
95734
47345
74859
89404
25110
45287
4456
42966
69199
87015
32735
7855
34814
76326
28126
25233
45574
98747
6877
29289
22076
4878
73127
20288
20812
55082
89694
51711
80025
34861
34101
28753
8132
83209
9897
68020
50505
13232
9634
7013
31660
21704
31958
47158
59078
38232
24906
17826
46710
31130
82699
17143
76154
24328
17747
45114
70535
14036
96768
65965
56
39157
49213
13019
33467
27718
78646
1243
42400
16112
63389
27488
72835
68904
34474
66494
30975
27829
24759
68428
83286
56522
19549
31850
26237
64571
61695
9133
8140
68880
68273
51057
54614
70931
80678
23476
34488
7720
51907
97716
48810
59429
40384
16786
36121
6612
24956
12761
38437
88101
22608
3712
34362
54932
91123
84242
5919
36884
2970
41357
4873
57539
23858
77924
3104
13720
98019
6077
92478
96939
15053
48478
201
1146
62754
56726
38863
10048
75474
99971
96697
21213
26759
39182
34272
2963
78001
671
69029
40830
51870
34276
67892
36868
69454
32005
17104
64200
59521
52903
39556
13238
21467
49588
29575
5680
9514
34434
15793
47043
25261
56217
25462
2755
57909
5821
74633
3994
85829
20407
68360
83187
77966
9380
86268
41716
64817
33807
95321
77148
6230
27221
96758
74361
19906
61650
62067
7034
67558
12536
53700
43520
32193
71270
14237
35222
17363
40228
9473
32344
10230
44646
32033
88800
53840
4830
17616
73581
67757
49831
8879
92810
13917
95387
36416
34755
35561
78931
46474
55513
71972
10586
15375
62265
38597
50682
31989
5964
46330
21638
34161
63033
55241
43222
71696
40318
32430
24192
3161
29860
15028
66717
17690
36511
59897
48874
43002
34183
42228
7503
45324
59799
45808
15789
62771
91706
34051
27156
73860
53478
93675
84651
53977
72334
55557
64767
75919
10056
79745
24653
55742
29018
8986
5231
44101
60695
34584
12392
10315
65549
87733
30584
11111
62929
48463
37109
97881
58294
14541
3717
20324
70943
8376
58564
41519
41712
7311
15304
43736
54527
9061
12792
49132
51592
6226
86599
56470
14522
92296
12383
68298
31564
53502
16641
33167
68939
42786
32294
47840
19508
2269
65359
1792
9944
22476
59784
56738
52495
30301
14360
20989
70049
29826
34532
36424
15148
15546
17571
86707
13589
75040
87751
17873
88981
28071
78005
88071
92950
5241
60624
36616
43619
4594
46554
3256
9170
43876
51241
54213
49893
55437
51760
49511
67869
74505
55600
95179
12684
65253
46055
70997
4663
12490
12727
71641
77416
27002
19066
42815
19695
76182
34035
29033
17989
32600
98884
5625
82316
86718
13267
65441
84939
82874
95270
59986
93661
25222
54167
30718
27348
91810
92875
29375
18045
13241
70173
63007
16629
83705
17530
93596
31536
79514
1081
56990
44850
31450
51985
8390
34422
56767
92270
15623
92915
86472
74411
11070
7173
32721
84591
14976
92729
5154
65195
84141
29584
58237
58364
91501
56394
15955
48071
74998
73115
91992
31753
93580
65109
56142
74069
28395
68838
18848
27114
7869
8235
86422
55202
24031
54016
37993
16088
96117
41420
42569
59882
11067
75738
33528
52443
664
22730
4923
75678
92095
52562
9400
5591
33590
51648
60432
29845
5489
25337
42107
29116
82339
25366
97864
92683
60315
34708
57143
99624
56598
80147
10740
8159
60451
41355
61858
51433
5210
13802
93627
50626
91840
25119
8777
48755
92005
80415
83974
21615
45693
71003
26017
18065
89670
76554
50267
47784
30601
80505
98243
7635
6625
33537
65153
96292
80165
61766
29156
44499
99008
84469
21974
59472
13044
11815
49495
5078
54488
13804
85965
65935
32035
15566
19428
52870
21418
66946
55479
40732
76443
67628
65494
48194
61701
13614
55702
21620
5570
1995
59923
88947
29894
37524
450
70491
36666
27089
38888
62290
28763
78261
31796
52603
45885
67824
41412
75940
50637
28703
38385
80721
54116
99840
65828
19242
90219
83483
80671
40293
46544
64017
64015
61964
33482
98707
89537
24606
47638
29315
37154
75607
35342
79129
96111
80763
704
4005
82321
99919
18063
30679
95173
24307
8061
79424
76602
95894
5639
10103
56500
77970
35359
27425
1223
93177
25811
26677
8704
59844
20408
82402
18126
60276
72218
71902
45935
3628
72777
39776
32480
35874
38053
74915
24270
28141
2804
63067
5513
48128
27323
66553
9784
46651
18453
70112
51846
43517
7846
52438
27091
10806
24416
8559
39373
86522
24980
32723
58324
79814
14786
11162
669
41812
63629
29288
92174
9052
44176
88441
60124
34438
64727
43473
16003
21766
86240
72882
49654
37435
17160
27498
59032
49737
1977
91007
6845
31313
34492
69870
48735
37551
30616
35124
9332
9113
47002
20835
91639
75395
61521
46057
434
76793
47278
42686
35875
52962
51730
96816
25693
6656
11174
62933
37693
62150
9618
60117
99805
73827
53492
28524
68434
37762
27158
51796
21327
49379
14377
75331
58738
45577
52719
98651
58411
29185
11806
13156
59526
15370
47791
54982
78404
9952
23707
39205
75200
50174
11200
17015
8239
78841
76089
33267
28166
98598
43322
81614
60128
1380
6448
14736
26728
82932
8470
26917
69562
8657
25403
21576
66787
15247
14419
24813
11264
73830
86294
61571
13303
16074
6846
74980
23399
85786
5633
3262
94384
25436
46270
35686
64582
16276
70508
54146
31626
5427
67875
14104
71107
75994
72464
7545
7858
49890
27060
19149
29754
69664
18175
55958
96181
28712
37186
66265
47533
4893
90015
65924
19748
87075
23160
41056
98772
22221
29159
42829
24917
14574
92042
35334
72594
1835
42307
23278
5043
30118
89871
76261
58284
25040
63423
69850
69540
10930
73593
14743
9907
19560
77264
29740
43203
26705
29089
46836
16715
40540
51291
7412
78561
84630
2456
29972
6406
25908
19392
46368
71289
74055
15419
51803
22603
42396
74169
88088
86046
53320
98591
3629
39592
22409
60857
20710
47560
16962
29816
49899
15919
1329
71692
46372
85242
19067
86971
70109
87591
35024
46460
31906
54538
48630
38933
40562
5560
88438
64753
78915
55875
29679
82617
49492
16519
14892
77715
37195
50766
73694
51373
12819
32734
18758
18989
52102
32148
21117
42761
7284
21508
81974
70682
65805
9478
34739
32300
51127
19120
32176
18779
58073
14457
62129
60944
39358
64930
34731
33392
8455
35349
20250
5980
76077
97154
11221
93719
61263
72572
32971
14138
39568
46948
46179
37382
77123
36699
33709
54329
71691
17368
17430
45952
4785
22223
49203
8040
17295
52317
88299
20325
2695
72154
86611
84750
38096
96328
22781
82299
61187
18135
5719
46101
54350
77054
9247
63098
86859
80512
6171
43199
83282
79450
17255
56498
83574
58121
7066
84803
16311
82523
41171
42999
14297
16456
97599
44345
33837
26504
15455
84895
94140
53879
66133
15729
59676
92731
20262
18941
84045
62564
17280
15174
7711
87821
98710
4597
79726
23141
51642
71113
25094
62078
14227
10344
24717
9466
3865
34132
90119
7488
2312
89931
40206
73136
43420
48979
90232
58323
67191
79414
12678
97915
61180
48341
67392
71968
66212
56053
44227
19967
63971
12477
14175
94810
98076
71363
40402
73513
10387
12115
58905
67642
69467
50549
69233
30503
50849
54749
86178
1327
36165
57697
90833
1192
94829
44033
42267
7552
53204
70747
12373
64125
63583
49874
55760
81228
41428
86546
25709
55747
93964
18685
8309
3650
18602
4389
45489
54390
38384
74936
79779
3304
34791
45413
89371
5004
55726
7916
80625
98071
21870
37349
7778
76068
96318
95193
39642
8985
21403
58829
48365
43812
16994
59645
45891
96776
4237
14228
93244
93996
3387
24126
51405
35135
23036
8411
7164
38039
42831
5081
62355
26669
7510
33690
47637
21310
24075
41871
3684
38912
52086
10064
58066
64998
31573
8840
54377
14811
64176
43346
74813
62473
16388
1885
13843
2315
61314
91809
55428
5362
6328
31354
51267
27879
13854
89895
2942
21192
39665
55833
18266
13011
32988
1879
79159
31927
15878
20411
39141
91322
53697
18569
11187
20194
92979
3989
35442
11144
67484
15429
23795
91729
1110
17764
85101
84306
59259
66301
97302
83060
40425
24266
87910
13149
95665
96725
25758
4432
57344
62969
49614
78680
20126
16951
45238
77699
78342
19493
40273
85845
36297
17065
38157
94486
8254
23414
34857
96895
33997
42089
26064
96419
34770
4564
19682
5809
19842
41381
2892
5110
49786
25230
46235
8343
60463
41088
29854
22497
19710
93333
17594
36679
52897
72675
22351
64750
28294
51009
49534
20372
19495
51956
97783
63306
25068
61189
24903
75390
44684
8409
43309
4497
56876
65873
50718
96368
12640
30179
51841
36961
97562
98800
43373
83905
30381
65032
322
59132
9239
93539
15837
15019
19910
78044
14588
18691
14093
74878
90431
57387
29397
13023
62135
69272
14125
33562
18439
18665
53683
44283
68152
42653
8481
83745
50272
61299
13772
87750
20205
17170
51952
98396
79286
15912
35410
26309
82714
40376
65048
37468
15008
32720
47957
18315
16017
17596
84369
11793
26589
23322
19911
51880
51340
54404
66263
51966
76034
76342
41454
58539
53807
74189
82183
3004
87565
48578
23117
87818
83603
75843
18109
5923
91732
28573
12669
67322
73243
34975
86741
19802
22671
42733
12013
93710
67278
57271
86061
17932
77356
60862
39607
42987
70707
34406
31957
58507
13553
72712
73726
13884
40046
62947
19843
46216
24072
10177
66405
46878
94505
28447
32549
80033
14523
93117
24867
1114
36322
35621
99069
88831
23594
72902
61982
31921
79423
22051
10490
53579
9435
91421
12074
3449
58776
65454
13462
68554
42671
91551
61312
58456
24876
87939
66932
82583
28053
77606
10905
44115
53544
18411
55963
25873
51133
18363
71260
80705
60107
43252
28614
46720
31675
63104
31012
46091
34567
32715
34858
86019
39939
22609
80022
76346
64607
43243
2199
29982
67719
89225
78072
10968
74664
42762
27901
52007
78671
18694
4671
96887
27779
24413
95941
37879
35230
14468
9268
5090
66610
14454
41351
74327
45082
95460
45086
63664
54519
25603
43726
83518
90520
53257
6700
12039
87635
92610
97541
10561
41163
95578
85073
61707
56054
99820
61878
67058
64580
69530
50058
67177
25630
46160
51312
76468
59166
40856
90009
28026
81507
44012
59493
98828
75433
26139
27958
76861
56017
16712
79519
39436
83420
91397
92421
7091
42458
46386
98837
51546
62249
15096
5502
47375
43793
21125
25665
61664
16870
94622
12876
14395
61500
28649
63558
21679
33706
7483
56936
36968
80608
38258
8534
36847
30669
55817
51026
18308
67179
23788
40274
6094
57798
35358
13476
83824
98769
54178
27952
27742
12541
39029
28948
54371
56127
58050
25165
83442
21887
58164
36970
54542
53169
43576
6475
96430
16749
84056
99137
1276
55401
56134
52021
51399
38134
84205
5096
44661
45042
54972
38536
62075
57269
23247
55731
66290
7865
97043
62348
13350
7729
77015
95696
71262
94056
26850
65088
69555
18692
62701
35244
12442
85047
66051
46921
64635
59965
22528
42967
12305
23124
69715
38990
52407
92574
77939
97888
71079
54469
5430
21230
32836
44416
43436
55101
14024
93913
55218
35490
62868
49305
73857
12208
30872
51953
44160
25365
78019
9481
74203
37974
34408
12378
27373
92829
45756
541
97173
9158
37206
83865
34014
52851
87414
69124
36982
44790
70929
676
18891
33686
85313
96658
29205
8454
59004
65134
49787
20983
19670
45784
48187
34242
99867
20065
12073
57218
38436
16622
365
28417
58289
89427
41847
2904
29387
18340
91190
98187
10519
38016
21259
7155
11332
124
46693
87891
40879
82814
25214
78255
29248
43574
13736
8345
40627
14077
45681
90916
40977
20509
28817
97414
79804
94497
61498
37698
24306
4312
58966
28067
25367
33804
31301
55057
32660
21412
45075
95949
69257
2130
70554
16817
55921
6079
62589
90322
59958
44851
55382
13943
13526
49252
38421
47167
99175
22045
47326
67997
15491
28844
89927
65516
85781
26078
56483
23251
40401
90372
29891
35033
50291
16516
6521
80175
66254
82029
22427
35021
99038
69458
88546
80970
23026
83169
10355
1865
79464
20644
1697
22358
46485
67668
88260
84171
95976
29572
17959
42379
71931
21617
97251
20021
81054
80875
67639
88049
43536
31138
27988
59761
90239
61103
41075
31201
22970
97135
64653
94677
39636
91202
53267
8460
6812
67469
84059
42494
9468
79478
50400
14505
98479
19646
26864
34583
86349
50704
84330
86209
19398
22304
59924
67911
25407
62551
49604
29989
65508
36464
43657
94266
91631
59899
29956
60948
82521
61164
6201
40899
41052
41791
82585
35346
54815
48326
82878
3841
12830
30658
27462
11753
34303
40680
49775
90387
16168
23623
97209
79273
21519
3059
5668
62344
96914
40552
17647
60138
47906
84858
11123
45538
80038
12583
2338
48523
10994
84194
73369
24242
70961
1112
40071
42595
77981
11183
10249
63839
41542
32846
73471
62622
82442
22862
19611
80071
96269
14639
28546
50172
63756
21912
94846
58847
54353
79177
49725
12062
96009
31338
44729
38903
15496
74865
10226
36533
23641
69508
24860
29560
17151
39456
1492
94099
22784
15889
81103
53558
730
63706
83044
90570
74318
57062
39941
74695
2254
23721
7262
71494
82736
79392
64369
5405
3335
53530
93053
80963
13064
30420
59149
36355
23528
85507
36157
7790
59994
72918
64443
64517
64486
11828
87582
84156
87353
694
17069
48472
38485
10214
40700
48387
89881
97808
477
41113
48201
52311
96660
28601
63609
39166
34027
32913
63987
50288
21320
2830
27113
18475
46758
83415
35329
42492
27415
71648
94292
50227
30941
19315
41789
10898
64772
48014
11868
72326
87313
26526
96014
63040
74531
47136
22377
2046
55858
41918
22709
82783
67712
6320
16754
27413
84272
47723
14365
7940
89317
37293
14727
53063
36245
69690
68469
11781
62652
89433
19123
23814
87071
49162
1063
68747
54713
13281
11871
57
32827
91491
89646
64963
33842
12649
77367
95055
47558
44374
62849
24830
28911
14954
5119
33642
62798
65096
72662
42575
23836
59763
73323
55755
29685
46966
90285
97658
77557
32461
14006
35193
14096
11470
43211
21952
84115
26564
41140
63351
18144
63526
97191
65170
42648
15988
16660
11069
33360
8591
22738
64745
38719
48797
26553
15959
90010
58852
29463
3651
42377
96688
26278
11469
17259
45323
95510
84278
8315
60215
65392
18020
6815
17823
44875
65219
5465
34899
19429
62946
58903
38778
79073
57920
1355
16486
51600
49526
328
21765
75935
21605
41461
78390
75851
2086
48987
32275
73016
44722
39087
24206
33129
15415
67966
21656
19941
41885
23582
9906
52325
31144
9068
35428
9924
65866
62964
20675
1365
3240
18023
44226
11084
25813
16148
8768
73423
13549
86623
66798
66832
735
63814
30161
25510
83819
8142
15396
20886
27763
42931
51525
82838
20000
69663
65560
65477
54181
26444
1263
19176
9893
24686
38450
20314
24611
44668
42449
97473
37246
56898
39575
60045
92913
26475
10298
52570
47865
77469
28685
53433
8778
42179
42439
65623
79265
54391
830
4382
78747
7025
13870
6187
76908
18226
63494
79727
6808
22828
99197
29742
91624
8895
8806
19058
73182
63301
33694
50278
22406
47887
80783
4200
22740
40642
55892
64193
10188
98534
41221
14661
16751
30859
68040
6456
75525
25148
2138
27789
92927
16689
11691
21470
13739
58581
93037
19998
94240
80112
15697
24354
44792
28856
51140
51815
67513
7212
93197
97645
63222
1116
30007
66634
12824
72469
34781
45314
95336
22881
89421
2613
10583
81996
68301
24200
26408
35394
34495
78553
54681
33691
98715
4629
56431
48891
32651
4713
18922
40755
13283
73515
16976
47764
49928
72290
37834
62573
7486
16568
53128
31667
33698
60055
65809
6330
44795
56513
36087
11860
99929
7839
24392
47370
80373
92931
44644
47258
17627
52294
51740
77003
44342
52783
17328
54812
15817
57217
88310
71757
36707
89206
54405
23975
75334
78843
67961
24763
11113
19706
3770
35924
84871
63229
54734
17279
93501
43458
24701
31356
64231
9633
99402
61423
46018
25517
25668
26144
61973
94718
45148
17918
13604
1621
55019
15823
37326
77753
60173
22444
31438
34702
39009
53908
25252
61416
12696
1633
37103
7249
99668
22003
97031
50749
14705
16566
88392
56262
57913
47524
18508
16599
46355
16556
17219
3291
34658
78381
51779
23792
45036
80103
66186
80047
35975
61535
6411
49133
1735
28991
53378
25070
1475
69105
74905
49903
50036
20896
70065
16721
71545
31602
67053
18431
11133
77112
84879
58037
76244
85756
16452
95440
9041
55194
50011
37381
8255
53421
51333
90340
6512
47954
72870
21455
13376
72624
36939
71634
96144
83965
11837
36734
54081
81273
27790
15827
41853
89447
64337
19723
41301
52855
11387
99896
38339
46013
60649
31875
87943
85910
59131
57597
11983
30099
42955
85769
18262
88157
62364
45689
55135
13308
86269
49324
3180
64682
11446
46284
34606
42406
56028
46419
11711
56244
48339
2771
37704
57019
2901
7200
35606
67727
31641
71232
95875
17700
30668
36767
44762
61814
87575
7516
86484
65198
18333
34794
11655
41440
80571
52266
61800
54296
25920
40560
74521
90321
45606
16605
50711
30902
48302
38707
72466
99274
99965
99775
17248
25605
20753
72369
15133
84138
82080
87156
41526
67876
92461
75163
32790
58122
51001
70906
79757
36094
83546
34733
36037
64114
48457
41627
15061
51699
84479
55582
94982
47899
35918
43940
33064
79572
9243
9724
83708
21532
11220
522
73635
68962
61472
59348
32758
41253
7399
14925
31406
91677
24845
3298
71411
82897
57678
10038
43776
39113
68361
88010
24006
39991
1350
99975
40229
77011
41640
794
20110
28570
11250
88481
59051
61353
92767
65094
43534
47654
56257
62417
27733
60719
47206
82081
13105
85715
73754
2585
81560
43267
6840
35041
14021
85821
1252
71006
18939
92509
29455
72740
31779
98856
80239
64914
53999
51322
25405
59611
53655
46985
8903
75755
96696
61950
14997
42852
47837
65140
89767
72429
69492
11956
34743
25232
47520
14677
17142
48367
59786
55711
14302
27482
74216
73372
71879
2672
92082
96482
66846
18516
1655
97777
21161
76357
89804
42105
68055
90225
92783
83237
79482
91802
73630
61040
57451
34948
7703
51053
90462
72785
95984
91498
21222
65057
96555
14975
19880
18425
75575
71161
71054
78587
90038
71364
69432
11354
14292
9519
70704
9405
91852
11913
46459
13246
27744
46489
27109
95743
77591
84615
7441
12286
3956
4815
18672
55167
41248
51485
77549
56290
42381
62105
82549
50138
38553
45842
59943
51112
12479
73385
41065
45032
93717
86796
56711
11550
30927
11763
92996
10326
18249
47985
30583
37661
63924
36012
48232
53533
70471
33080
9009
51316
73120
2862
90408
11662
29617
66319
24076
37584
40313
45815
733
13987
88589
65980
3081
422
55325
60205
75714
73252
32985
27327
30328
68411
3834
65402
18952
35161
3760
96083
14690
28547
62993
11465
13693
46635
85028
26039
93406
18916
13853
67631
32909
83841
24491
37488
84691
68162
26002
81777
9302
41868
62714
49125
60172
87371
97166
26199
33554
35815
12206
86239
60733
38654
12313
64848
44164
70505
55960
70316
62182
7070
47730
95841
17516
39602
92921
86748
65703
19386
61609
94494
26949
12291
86880
95801
45158
2173
60145
75275
50148
63368
68488
68498
49074
44463
88254
71823
48452
67412
73020
61855
33097
65270
27400
53676
93543
99080
49922
23530
43518
36361
9081
22540
18400
43584
37180
72400
34210
36143
86907
90259
37442
83782
61689
90534
33771
36726
3755
19546
96511
19274
36945
37289
56992
82046
25458
54832
34260
14492
63336
32355
91039
28910
62335
36966
3719
63457
2206
34261
43497
35682
43368
59401
34696
59421
68509
80538
18700
77280
52511
36060
45946
98616
23891
47335
90271
44418
92341
15129
15155
17818
48878
51858
67947
5283
50116
25455
97672
39883
57711
30389
84773
89739
84693
4108
9889
28880
13372
4440
72759
99499
22235
38299
64661
62407
63992
56935
32821
17012
44569
93330
48124
61042
98368
79576
63781
10107
9384
10808
58103
40468
14714
7352
16814
96884
34218
95614
87230
55011
47322
47033
38614
50620
26027
61340
40169
84761
98985
80745
32582
49956
91874
79836
6117
69799
56570
5394
23693
37528
74643
26950
19894
33843
1371
54779
11970
57844
7162
2496
1890
55779
15116
5587
12361
66080
45387
30517
34234
86312
44396
20049
41175
84019
9028
9192
36155
98254
70279
59248
28478
90486
11442
37958
67569
649
24569
97697
25037
73452
60622
35920
49949
38612
12858
59419
41002
2243
91214
23572
46027
68776
57536
26146
71901
76017
27563
33148
63474
27981
31114
64783
52973
52278
34572
40944
21745
89144
12007
42325
32882
65695
66468
16670
19729
63775
59372
1878
52004
88456
35074
7596
33944
80357
18497
85990
50186
31710
11818
39413
79479
24133
27858
41539
45976
26795
39399
95832
54114
66732
9482
37404
41614
43321
60605
45656
71532
28277
39494
62068
66317
16974
70430
15591
8508
89675
32798
16606
12565
73907
16991
55851
95125
79123
87493
63
73546
17974
65745
62617
87717
19527
74918
91061
43907
90585
27111
34120
61854
15368
5725
64330
67624
4050
12744
24094
42251
48732
14205
34533
5341
39548
34251
68867
15462
7669
27894
53253
4335
52800
98508
51247
34479
28270
18730
17426
59781
55051
89951
40022
60800
72206
45902
2645
91071
38753
32969
64504
56435
56332
96444
59739
64819
64333
38345
36188
76745
51251
77745
83936
34874
89747
59468
12375
71376
3159
20155
99025
69061
6049
98514
99487
98154
28472
65437
6832
19159
42578
3923
4826
42310
54585
25288
3493
53789
61010
38529
28265
73508
45432
88015
95442
77259
6108
87722
5928
32912
25481
2062
814
18219
57969
78461
82329
66510
37390
2692
12568
63740
6622
75037
23680
59428
7465
5446
31784
69621
97276
70914
46292
64884
4452
34737
70116
76989
94439
74215
27302
51622
87407
72398
14749
15313
82825
3700
37236
89400
15033
34844
23111
71646
21813
32485
32228
56873
42998
61776
77877
44000
54206
21113
91135
28745
45831
82764
18875
59095
88159
35713
56941
42497
50595
13766
47027
12389
69574
69931
68580
79277
80659
9492
53566
36128
47619
26899
60491
7255
74185
56927
59591
73524
42801
52664
93349
16674
20873
40058
77964
73972
52385
70644
19952
32152
47859
22005
38552
96628
61966
8098
30926
23887
70219
81517
94800
92297
50474
1515
19893
90977
3570
20843
78462
64059
82948
86082
22301
40258
64686
31141
93552
83549
43919
22773
31158
14162
14791
35211
33390
57248
90479
15289
7553
64920
43325
24050
40470
11134
96590
48419
19578
7216
92284
60341
41819
785
184
83410
99603
45794
61144
77561
19284
60529
82708
43311
12833
55442
38803
78750
50454
25056
40055
46042
72283
13263
81809
52393
49625
84848
42836
15848
52414
90120
28975
90390
46621
29059
38191
16270
57789
30261
51013
4604
21551
44278
53146
47996
33287
8125
10983
25058
41823
52772
30385
56277
8530
46141
19698
20027
16555
52647
56346
13678
66606
21366
42401
78380
10217
35197
1930
50492
15346
48067
62217
96003
28875
75685
59483
95366
2134
31552
52027
89824
78803
20595
85931
43179
30513
8195
9419
19208
26672
11931
73970
96585
2027
76544
26461
77097
14046
55216
16338
70002
74483
36800
18267
27632
3404
84866
71605
63588
27216
63428
49633
88414
31726
74564
91386
30959
21187
35858
63024
15742
13495
45518
11998
27276
37140
33801
26238
83547
5784
30698
77286
62171
48371
39398
14409
69291
86427
32317
39550
20685
23311
80523
34067
56577
92019
46457
25974
38717
48006
88444
79578
42968
3610
4581
60671
18181
57017
70908
4955
83094
79845
64708
92113
58974
37780
83619
5985
92893
16273
43343
991
26582
20619
32100
40663
66697
19739
9038
50500
12460
15141
35910
58524
41852
53306
2631
82300
13667
54392
41496
28990
41458
58859
20369
18037
48372
72125
12282
69790
40434
10113
16097
9003
43019
34028
62956
25858
24226
12130
92112
56867
53473
29670
15572
84044
92712
59691
10935
91170
74994
9886
79789
65984
33466
97822
21001
82188
90018
25236
46214
53556
98256
39967
75164
34643
58955
10526
21372
86032
32245
60343
12009
11741
52674
34239
24884
63728
14
78172
47029
13776
44785
93306
30580
46998
39971
73375
43874
37843
47783
60914
40568
33123
47652
15696
20749
4164
69358
84850
41004
14930
21388
15232
2332
9533
6637
13623
62830
81543
65754
88989
49632
39872
28879
21339
42994
17093
97990
72091
19190
81973
46275
68947
67528
69342
37653
86221
72386
22219
38515
91786
366
65405
20440
86058
3948
90413
23843
24774
40536
29824
15118
29443
8889
31513
10370
16675
52303
1410
23884
25961
25456
38751
2235
88476
74060
31599
46390
65436
90488
93658
80041
59124
24202
95274
47673
14837
99596
7605
70415
86091
25642
8342
42867
46560
83005
39107
43786
76818
12676
19522
94706
78638
70465
79601
4380
57779
1385
1635
67762
53518
21986
63806
37319
65400
25784
97952
33375
76263
95011
47261
20712
47227
48199
78655
63861
98492
92952
98420
21423
46859
44957
95628
4135
9544
42820
73919
40167
41076
76992
84345
88497
19680
15913
39753
26845
16714
91678
92089
90879
24766
5358
12944
42678
27332
23932
345
61099
39660
33886
54144
55177
15783
25789
21006
59170
17660
52395
40832
99420
27669
30541
99415
97910
64570
27859
83337
14863
39377
37383
10059
14082
28857
73708
26477
16283
10697
71754
29528
49186
22457
18360
42416
22831
92012
28129
98812
24140
94485
1868
20733
21888
94490
4821
91537
99789
64489
43362
12152
43503
6156
24950
28120
33754
89997
94293
81961
13486
10512
13968
70853
41616
70476
43359
13688
27033
34892
64258
47288
90492
19473
99938
77739
2487
20109
24380
46136
89563
75780
85202
54576
1271
26953
27155
94879
60852
12322
67336
15279
34519
6175
8589
34576
32682
6428
75373
42941
983
49603
28117
25514
87903
12688
61604
55831
4053
25004
29979
88728
81505
7179
26533
81262
23494
35652
14676
39720
16995
20123
43161
61911
8274
33166
10323
2136
4131
91254
38251
9186
22543
25440
14703
40003
8916
63172
26859
28501
2024
96326
26285
10565
62764
41079
74525
53599
56979
40895
21696
72057
91467
78774
95297
6929
24805
2691
25559
22303
43351
70851
64033
14594
1500
62727
22643
37443
67330
44030
63923
17867
23500
9271
1833
97177
34398
62188
6217
10973
47528
94210
36991
25419
61952
10361
99654
65257
39999
40784
35337
3621
81248
36299
27295
55819
15514
39472
65031
1967
62691
14187
69852
94572
11488
61391
86715
51567
83667
82921
18881
76902
19225
86031
26924
16845
64976
44718
72649
92358
21040
58500
79908
32710
47483
69855
37413
40672
72370
9398
84911
14224
67917
98131
89947
1473
52895
77434
80338
28981
42621
73334
85054
30545
68423
69377
19533
85899
58489
41006
15049
28815
34650
74465
69885
9760
34006
58845
52321
457
49393
23554
13947
34787
63206
9865
29000
6097
7675
24100
18312
30738
96276
35531
5534
39922
65039
97439
20397
38027
44469
45416
755
10289
88942
39275
18824
42487
51583
77194
31108
51695
40655
11308
91451
32546
36797
37002
43260
30085
94942
23827
63339
99375
3318
49607
15364
70344
16440
26343
26869
65925
21955
60338
58725
174
65093
83548
6538
98444
99462
95904
5289
92769
19406
67839
63285
15153
7738
57326
1251
42882
97700
82401
58110
38264
2929
69783
83193
17499
25615
20535
30809
96909
95048
49086
54326
94430
75669
21950
26891
58462
21306
96689
89338
46705
29515
66554
16208
40695
10213
89606
71989
11369
99831
36558
76078
61845
40930
46599
28394
86337
50739
73218
5797
65939
31681
21379
23856
17857
41460
16290
25377
79091
64153
44809
11736
16135
59951
52220
7613
10646
18810
72721
34951
2438
30110
97146
72551
65076
50912
64173
90025
59584
95843
68165
76306
15444
25292
15899
57705
23440
55673
46807
20078
72684
69088
48804
53557
99701
65580
11912
72853
49194
29007
67518
22242
38412
69903
9770
38704
95062
20241
13458
75473
79444
44123
88727
44926
11569
94431
98834
48818
90929
64050
3639
32872
71827
76834
93851
74229
84510
31938
47670
51334
19671
11652
43696
84657
94181
16656
74304
97017
50991
32819
37369
35054
22865
21924
23672
8969
23840
86486
3399
87394
21923
13445
26446
35976
17782
64565
33300
50661
6142
91387
14533
75892
55384
24152
90595
40128
48877
93149
41958
81758
21468
31836
13895
17889
34595
68079
75376
39825
3885
46323
80129
41714
39321
91028
93440
5216
13103
52757
99939
20864
51723
3123
46653
96708
5046
48754
72778
13222
88116
1026
1872
92153
10948
48656
85453
18256
45210
21308
13307
23144
97181
10647
17386
59830
82039
54380
90622
63012
76100
14240
46547
77914
33440
73427
37470
65914
84075
96405
25087
11694
56553
94495
66625
52634
43155
23236
77725
41956
31506
44362
46114
27125
15031
42517
69648
27059
54192
38970
24930
92751
61861
25944
27314
23898
2132
67292
37852
77612
49811
99394
16701
8899
4479
45641
50469
77096
16630
44242
45252
224
38099
63340
27204
83065
64757
75928
52754
63013
66015
15502
43080
47064
48905
53955
16709
2591
52622
18983
45605
94585
74869
72851
53322
7710
46269
50955
82471
17588
71336
85291
27206
17576
63617
334
43378
17725
18947
63361
83329
17228
81778
83164
68816
34392
50293
20361
23127
55899
19759
89091
72280
83204
87860
83593
65906
56666
92599
41071
6275
25915
84504
81187
77931
435
30964
98207
58946
87151
58292
71828
66318
17942
50170
96604
24265
62495
45930
15813
96126
16769
874
89247
97805
82605
36911
50645
50177
34387
74819
79938
87445
33291
20435
11081
81536
60408
56923
9363
35935
57459
51628
62277
48433
49743
71647
85525
46640
25443
21338
19137
65631
61671
1493
59097
20650
13073
33099
26910
35417
57082
56625
48146
28410
37244
18937
38008
26998
48524
53405
33542
11633
67620
60329
58163
30922
1727
99733
8408
85761
62391
88080
87512
26586
74112
69564
17235
58623
39713
24753
8295
58497
11080
3168
21288
48768
42360
5623
75903
92361
9662
61389
16358
52225
37790
90532
44636
21997
64367
91497
21208
13171
54600
42431
79246
30228
53729
56977
14491
1608
61511
61484
83818
38089
37283
665
32968
12542
75486
95564
37446
25000
88002
81972
15574
19341
36531
67550
9045
80927
10414
58511
57637
81161
35480
81028
24009
35016
23329
51472
86171
62064
76436
74704
34428
10718
89656
5831
37907
14518
16187
56029
23621
3461
74790
57617
19628
94661
13619
17691
88258
16289
90654
2750
64038
11409
30852
66112
77086
34610
14908
74580
72951
78235
9975
79996
104
67228
88892
98963
7020
30721
96177
91824
16300
68191
64238
25105
23495
12181
63195
41827
70184
74188
92786
7150
40637
21943
97111
11778
53938
25111
36015
73141
71310
46725
6249
78040
16899
57173
52065
37440
89822
4582
73193
99401
54912
63720
3190
88139
4314
74642
59480
81789
38285
61810
16417
77529
69339
69976
54066
61429
81073
33388
24166
59445
10400
16919
94781
26190
77186
17784
42471
86396
83222
76684
24177
73167
53493
80443
56623
32225
21591
15135
58520
45487
24773
68492
34729
85955
88362
60296
25097
93098
58954
5062
10703
69872
83710
9202
92976
88165
11175
8646
72889
48096
86682
8236
6963
63786
97199
20069
10105
41107
38238
15954
16998
36368
32383
52059
55503
73185
12284
29348
76647
5876
52079
54854
40837
71484
39268
70660
23368
34853
96736
14111
9336
22759
67968
59671
30877
40751
25713
66078
48753
27685
28668
31795
49269
6060
11150
59043
3971
34263
18367
2209
36367
6421
38969
12195
85176
88474
46495
45540
11410
37712
45749
3879
45837
41205
10642
41399
20657
90525
88958
15345
9431
72531
76102
70923
9781
72385
88361
15822
64690
84191
89470
5538
12126
12407
11560
93826
35481
51735
76083
93681
59325
19139
38820
65225
11028
84800
62382
8878
21578
66155
80542
32335
27085
73474
34024
88645
54733
8029
35430
23981
35943
23648
43039
21969
52810
46174
12916
76890
46911
21204
48331
26962
9392
10131
19788
34824
4388
55854
60437
16306
17196
70722
87362
86170
71727
10243
6847
74767
30439
6503
20708
1464
63833
42394
50066
23307
66957
2778
22227
50562
9274
7759
12026
51182
80982
14653
45394
76229
1950
94350
9821
35643
10572
19356
52104
57494
9822
59109
1951
77732
26269
61020
5099
72780
9951
9531
67079
47395
14474
24427
34605
73949
76912
55719
38075
41641
99077
61255
35650
61367
19455
73835
30453
71002
40464
22501
50002
14463
69761
16865
8058
65688
44419
94844
46520
17434
46128
6046
68801
52729
58690
77215
80971
24896
60257
62102
78770
94882
71344
62530
81019
32268
59125
27334
69208
2122
91141
43130
92562
70272
76152
81928
42454
13697
11223
5470
47834
41942
45929
15663
16094
68251
29447
79983
9625
24316
68883
92266
62828
56099
7772
39129
37034
52347
49643
60164
16889
95931
43358
22116
41346
37483
35386
51496
80050
55920
86238
60506
43151
35122
4163
67056
33730
46958
19794
11392
20208
44538
72658
21612
52394
42747
28868
72094
19658
7949
95898
43936
40056
79204
21196
3539
23586
90681
59021
36318
92179
66435
13214
58115
15699
28266
14792
16894
12113
18813
38772
37279
83021
55772
54702
23105
71199
12432
9881
53258
21408
76622
35952
29776
62641
32833
2617
77470
34661
34400
7541
81997
128
14570
97761
61116
81230
39139
22431
79675
98238
63584
35812
4587
54995
70999
90659
13355
72028
26843
45467
18483
63597
22443
39746
40154
63407
79567
38843
15266
79442
580
8493
16706
75033
2634
27055
75000
51339
34822
97132
92383
54142
89661
9135
97068
64409
39676
81303
64452
22311
59363
94516
31993
13427
83929
81095
15674
11976
41661
18973
50632
14404
14023
50518
4526
26813
93982
73848
12020
20042
99516
71554
74824
52985
17526
77056
43961
6499
83248
84541
11842
15088
39903
93167
78956
30214
28036
17019
34819
2349
20602
65752
54821
59988
31017
93825
83056
75234
10714
59400
58784
90978
25792
45703
43421
83568
39216
69622
48192
53353
11566
60237
57477
46333
936
47023
18906
85464
41762
41625
44213
76864
84028
44125
51397
1818
87144
95885
10525
3532
88779
78832
21124
49844
46153
76372
31955
19393
47293
59855
69846
57884
64077
32422
47060
10267
71966
62708
72224
32953
41603
77729
78567
17121
24067
42068
89327
33836
92511
9376
60385
42020
19151
56704
26281
13293
31193
85281
47040
48540
21665
59727
47237
93611
40062
58675
94220
89471
55134
1558
9983
2759
47163
37232
68785
